0 2.000000e+000 2.000000e+000
1 2.000000e+000 0.000000e+000
2 7.357589e-001 0.000000e+000
3 2.706706e-001 0.000000e+000
4 9.957414e-002 0.000000e+000
5 3.663128e-002 0.000000e+000
6 1.347589e-002 0.000000e+000
7 4.957504e-003 0.000000e+000
8 1.823764e-003 0.000000e+000
9 6.709253e-004 0.000000e+000
10 2.468196e-004 0.000000e+000
11 9.079986e-005 0.000000e+000
12 3.340340e-005 0.000000e+000
13 1.228842e-005 0.000000e+000
14 4.520659e-006 0.000000e+000
15 1.663057e-006 0.000000e+000
16 6.118046e-007 0.000000e+000
17 2.250703e-007 0.000000e+000
18 8.279875e-008 0.000000e+000
19 3.045996e-008 0.000000e+000
20 1.120559e-008 0.000000e+000
21 4.122307e-009 0.000000e+000
22 1.516512e-009 0.000000e+000
23 5.578936e-010 0.000000e+000
24 2.052376e-010 0.000000e+000
25 7.550269e-011 0.000000e+000
26 2.777589e-011 0.000000e+000
27 1.021818e-011 0.000000e+000
28 3.759058e-012 0.000000e+000
29 1.382880e-012 0.000000e+000
30 5.087331e-013 0.000000e+000
31 1.871525e-013 0.000000e+000
32 6.884954e-014 0.000000e+000
33 2.532833e-014 0.000000e+000
34 9.317772e-015 0.000000e+000
35 3.427817e-015 0.000000e+000
36 1.261023e-015 0.000000e+000
37 4.639046e-016 0.000000e+000
38 1.706610e-016 0.000000e+000
39 6.278266e-017 0.000000e+000
40 2.309645e-017 0.000000e+000
41 8.496709e-018 0.000000e+000
42 3.125764e-018 0.000000e+000
43 1.149904e-018 0.000000e+000
44 4.230262e-019 0.000000e+000
45 1.556226e-019 0.000000e+000
46 5.725037e-020 0.000000e+000
47 2.106123e-020 0.000000e+000
48 7.747995e-021 0.000000e+000
49 2.850328e-021 0.000000e+000
50 1.048577e-021 0.000000e+000
51 3.857500e-022 0.000000e+000
52 1.419095e-022 0.000000e+000
53 5.220558e-023 0.000000e+000
54 1.920536e-023 0.000000e+000
55 7.065257e-024 0.000000e+000
56 2.599163e-024 0.000000e+000
57 9.561786e-025 0.000000e+000
58 3.517584e-025 0.000000e+000
59 1.294047e-025 0.000000e+000
60 4.760533e-026 0.000000e+000
61 1.751302e-026 0.000000e+000
62 6.442681e-027 0.000000e+000
63 2.370130e-027 0.000000e+000
64 8.719220e-028 0.000000e+000
65 3.207622e-028 0.000000e+000
66 1.180018e-028 0.000000e+000
67 4.341044e-029 0.000000e+000
68 1.596981e-029 0.000000e+000
69 5.874964e-030 0.000000e+000
70 2.161279e-030 0.000000e+000
71 7.950899e-031 0.000000e+000
72 2.924972e-031 0.000000e+000
73 1.076037e-031 0.000000e+000
74 3.958520e-032 0.000000e+000
75 1.456258e-032 0.000000e+000
76 5.357274e-033 0.000000e+000
77 1.970831e-033 0.000000e+000
78 7.250282e-034 0.000000e+000
79 2.667230e-034 0.000000e+000
80 9.812189e-035 0.000000e+000
81 3.609703e-035 0.000000e+000
82 1.327935e-035 0.000000e+000
83 4.885201e-036 0.000000e+000
84 1.797165e-036 0.000000e+000
85 6.611401e-037 0.000000e+000
86 2.432199e-037 0.000000e+000
87 8.947559e-038 0.000000e+000
88 3.291623e-038 0.000000e+000
89 1.210920e-038 0.000000e+000
90 4.454727e-039 0.000000e+000
91 1.638803e-039 0.000000e+000
92 6.028818e-040 0.000000e+000
93 2.217878e-040 0.000000e+000
94 8.159117e-041 0.000000e+000
95 3.001572e-041 0.000000e+000
96 1.104216e-041 0.000000e+000
97 4.062185e-042 0.000000e+000
98 1.494394e-042 0.000000e+000
99 5.497570e-043 0.000000e+000
100 2.022443e-043 0.000000e+000
101 7.440152e-044 0.000000e+000
102 2.737079e-044 0.000000e+000
103 1.006915e-044 0.000000e+000
104 3.704234e-045 0.000000e+000
105 1.362711e-045 0.000000e+000
106 5.013135e-046 0.000000e+000
107 1.844229e-046 0.000000e+000
108 6.784540e-047 0.000000e+000
109 2.495893e-047 0.000000e+000
110 9.181877e-048 0.000000e+000
111 3.377824e-048 0.000000e+000
112 1.242632e-048 0.000000e+000
113 4.571387e-049 0.000000e+000
114 1.681719e-049 0.000000e+000
115 6.186700e-050 0.000000e+000
116 2.275960e-050 0.000000e+000
117 8.372788e-051 0.000000e+000
118 3.080177e-051 0.000000e+000
119 1.133134e-051 0.000000e+000
120 4.168566e-052 0.000000e+000
121 1.533530e-052 0.000000e+000
122 5.641540e-053 0.000000e+000
123 2.075407e-053 0.000000e+000
124 7.634994e-054 0.000000e+000
125 2.808757e-054 0.000000e+000
126 1.033284e-054 0.000000e+000
127 3.801240e-055 0.000000e+000
128 1.398398e-055 0.000000e+000
129 5.144419e-056 0.000000e+000
130 1.892526e-056 0.000000e+000
131 6.962214e-057 0.000000e+000
132 2.561255e-057 0.000000e+000
133 9.422332e-058 0.000000e+000
134 3.466282e-058 0.000000e+000
135 1.275174e-058 0.000000e+000
136 4.691103e-059 0.000000e+000
137 1.725760e-059 0.000000e+000
138 6.348717e-060 0.000000e+000
139 2.335562e-060 0.000000e+000
140 8.592054e-061 0.000000e+000
141 3.160840e-061 0.000000e+000
142 1.162808e-061 0.000000e+000
143 4.277732e-062 0.000000e+000
144 1.573690e-062 0.000000e+000
145 5.789281e-063 0.000000e+000
146 2.129757e-063 0.000000e+000
147 7.834939e-064 0.000000e+000
148 2.882313e-064 0.000000e+000
149 1.060344e-064 0.000000e+000
150 3.900787e-065 0.000000e+000
151 1.435019e-065 0.000000e+000
152 5.279141e-066 0.000000e+000
153 1.942087e-066 0.000000e+000
154 7.144540e-067 0.000000e+000
155 2.628329e-067 0.000000e+000
156 9.669083e-068 0.000000e+000
157 3.557057e-068 0.000000e+000
158 1.308568e-068 0.000000e+000
159 4.813953e-069 0.000000e+000
160 1.770954e-069 0.000000e+000
161 6.514977e-070 0.000000e+000
162 2.396726e-070 0.000000e+000
163 8.817063e-071 0.000000e+000
164 3.243616e-071 0.000000e+000
165 1.193260e-071 0.000000e+000
166 4.389757e-072 0.000000e+000
167 1.614901e-072 0.000000e+000
168 5.940890e-073 0.000000e+000
169 2.185531e-073 0.000000e+000
170 8.040120e-074 0.000000e+000
171 2.957795e-074 0.000000e+000
172 1.088112e-074 0.000000e+000
173 4.002940e-075 0.000000e+000
174 1.472599e-075 0.000000e+000
175 5.417391e-076 0.000000e+000
176 1.992947e-076 0.000000e+000
177 7.331641e-077 0.000000e+000
178 2.697160e-077 0.000000e+000
179 9.922297e-078 0.000000e+000
180 3.650209e-078 0.000000e+000
181 1.342837e-078 0.000000e+000
182 4.940021e-079 0.000000e+000
183 1.817332e-079 0.000000e+000
184 6.685591e-080 0.000000e+000
185 2.459491e-080 0.000000e+000
186 9.047964e-081 0.000000e+000
187 3.328560e-081 0.000000e+000
188 1.224509e-081 0.000000e+000
189 4.504716e-082 0.000000e+000
190 1.657192e-082 0.000000e+000
191 6.096470e-083 0.000000e+000
192 2.242766e-083 0.000000e+000
193 8.250675e-084 0.000000e+000
194 3.035254e-084 0.000000e+000
195 1.116607e-084 0.000000e+000
196 4.107769e-085 0.000000e+000
197 1.511164e-085 0.000000e+000
198 5.559261e-086 0.000000e+000
199 2.045138e-086 0.000000e+000
200 7.523642e-087 0.000000e+000
201 2.767793e-087 0.000000e+000
202 1.018214e-087 0.000000e+000
203 3.745801e-088 0.000000e+000
204 1.378003e-088 0.000000e+000
205 5.069390e-089 0.000000e+000
206 1.864924e-089 0.000000e+000
207 6.860673e-090 0.000000e+000
208 2.523901e-090 0.000000e+000
209 9.284911e-091 0.000000e+000
210 3.415728e-091 0.000000e+000
211 1.256576e-091 0.000000e+000
212 4.622685e-092 0.000000e+000
213 1.700591e-092 0.000000e+000
214 6.256124e-093 0.000000e+000
215 2.301499e-093 0.000000e+000
216 8.466743e-094 0.000000e+000
217 3.114741e-094 0.000000e+000
218 1.145849e-094 0.000000e+000
219 4.215343e-095 0.000000e+000
220 1.550738e-095 0.000000e+000
221 5.704847e-096 0.000000e+000
222 2.098696e-096 0.000000e+000
223 7.720670e-097 0.000000e+000
224 2.840276e-097 0.000000e+000
225 1.044879e-097 0.000000e+000
226 3.843895e-098 0.000000e+000
227 1.414090e-098 0.000000e+000
228 5.202147e-099 0.000000e+000
229 1.913763e-099 0.000000e+000
230 7.040340e-100 0.000000e+000
231 2.589996e-100 0.000000e+000
232 9.528064e-101 0.000000e+000
233 3.505179e-101 0.000000e+000
234 1.289483e-101 0.000000e+000
235 4.743744e-102 0.000000e+000
236 1.745126e-102 0.000000e+000
237 6.419959e-103 0.000000e+000
238 2.361771e-103 0.000000e+000
239 8.688470e-104 0.000000e+000
240 3.196309e-104 0.000000e+000
241 1.175857e-104 0.000000e+000
242 4.325734e-105 0.000000e+000
243 1.591349e-105 0.000000e+000
244 5.854245e-106 0.000000e+000
245 2.153656e-106 0.000000e+000
246 7.922859e-107 0.000000e+000
247 2.914657e-107 0.000000e+000
248 1.072242e-107 0.000000e+000
249 3.944559e-108 0.000000e+000
250 1.451122e-108 0.000000e+000
251 5.338380e-109 0.000000e+000
252 1.963880e-109 0.000000e+000
253 7.224712e-110 0.000000e+000
254 2.657823e-110 0.000000e+000
255 9.777585e-111 0.000000e+000
256 3.596972e-111 0.000000e+000
257 1.323252e-111 0.000000e+000
258 4.867973e-112 0.000000e+000
259 1.790827e-112 0.000000e+000
260 6.588085e-113 0.000000e+000
261 2.423621e-113 0.000000e+000
262 8.916003e-114 0.000000e+000
263 3.280014e-114 0.000000e+000
264 1.206650e-114 0.000000e+000
265 4.439017e-115 0.000000e+000
266 1.633023e-115 0.000000e+000
267 6.007556e-116 0.000000e+000
268 2.210056e-116 0.000000e+000
269 8.130343e-117 0.000000e+000
270 2.990986e-117 0.000000e+000
271 1.100322e-117 0.000000e+000
272 4.047859e-118 0.000000e+000
273 1.489124e-118 0.000000e+000
274 5.478182e-119 0.000000e+000
275 2.015310e-119 0.000000e+000
276 7.413913e-120 0.000000e+000
277 2.727426e-120 0.000000e+000
278 1.003364e-120 0.000000e+000
279 3.691170e-121 0.000000e+000
280 1.357905e-121 0.000000e+000
281 4.995455e-122 0.000000e+000
282 1.837725e-122 0.000000e+000
283 6.760613e-123 0.000000e+000
284 2.487091e-123 0.000000e+000
285 9.149495e-124 0.000000e+000
286 3.365911e-124 0.000000e+000
287 1.238250e-124 0.000000e+000
288 4.555265e-125 0.000000e+000
289 1.675789e-125 0.000000e+000
290 6.164881e-126 0.000000e+000
291 2.267933e-126 0.000000e+000
292 8.343260e-127 0.000000e+000
293 3.069314e-127 0.000000e+000
294 1.129137e-127 0.000000e+000
295 4.153864e-128 0.000000e+000
296 1.528121e-128 0.000000e+000
297 5.621644e-129 0.000000e+000
298 2.068087e-129 0.000000e+000
299 7.608068e-130 0.000000e+000
300 2.798852e-130 0.000000e+000
301 1.029640e-130 0.000000e+000
302 3.787834e-131 0.000000e+000
303 1.393466e-131 0.000000e+000
304 5.126276e-132 0.000000e+000
305 1.885852e-132 0.000000e+000
306 6.937660e-133 0.000000e+000
307 2.552223e-133 0.000000e+000
308 9.389102e-134 0.000000e+000
309 3.454058e-134 0.000000e+000
310 1.270677e-134 0.000000e+000
311 4.674559e-135 0.000000e+000
312 1.719674e-135 0.000000e+000
313 6.326327e-136 0.000000e+000
314 2.327326e-136 0.000000e+000
315 8.561753e-137 0.000000e+000
316 3.149693e-137 0.000000e+000
317 1.158707e-137 0.000000e+000
318 4.262646e-138 0.000000e+000
319 1.568140e-138 0.000000e+000
320 5.768864e-139 0.000000e+000
321 2.122246e-139 0.000000e+000
322 7.807308e-140 0.000000e+000
323 2.872148e-140 0.000000e+000
324 1.056604e-140 0.000000e+000
325 3.887030e-141 0.000000e+000
326 1.429958e-141 0.000000e+000
327 5.260523e-142 0.000000e+000
328 1.935238e-142 0.000000e+000
329 7.119343e-143 0.000000e+000
330 2.619060e-143 0.000000e+000
331 9.634983e-144 0.000000e+000
332 3.544512e-144 0.000000e+000
333 1.303953e-144 0.000000e+000
334 4.796976e-145 0.000000e+000
335 1.764709e-145 0.000000e+000
336 6.492001e-146 0.000000e+000
337 2.388274e-146 0.000000e+000
338 8.785968e-147 0.000000e+000
339 3.232177e-147 0.000000e+000
340 1.189051e-147 0.000000e+000
341 4.374276e-148 0.000000e+000
342 1.609206e-148 0.000000e+000
343 5.919938e-149 0.000000e+000
344 2.177824e-149 0.000000e+000
345 8.011765e-150 0.000000e+000
346 2.947364e-150 0.000000e+000
347 1.084275e-150 0.000000e+000
348 3.988823e-151 0.000000e+000
349 1.467406e-151 0.000000e+000
350 5.398285e-152 0.000000e+000
351 1.985918e-152 0.000000e+000
352 7.305784e-153 0.000000e+000
353 2.687648e-153 0.000000e+000
354 9.887304e-154 0.000000e+000
355 3.637336e-154 0.000000e+000
356 1.338101e-154 0.000000e+000
357 4.922599e-155 0.000000e+000
358 1.810923e-155 0.000000e+000
359 6.662013e-156 0.000000e+000
360 2.450818e-156 0.000000e+000
361 9.016054e-157 0.000000e+000
362 3.316821e-157 0.000000e+000
363 1.220190e-157 0.000000e+000
364 4.488829e-158 0.000000e+000
365 1.651348e-158 0.000000e+000
366 6.074969e-159 0.000000e+000
367 2.234856e-159 0.000000e+000
368 8.221577e-160 0.000000e+000
369 3.024549e-160 0.000000e+000
370 1.112669e-160 0.000000e+000
371 4.093282e-161 0.000000e+000
372 1.505834e-161 0.000000e+000
373 5.539655e-162 0.000000e+000
374 2.037925e-162 0.000000e+000
375 7.497108e-163 0.000000e+000
376 2.758032e-163 0.000000e+000
377 1.014623e-163 0.000000e+000
378 3.732590e-164 0.000000e+000
379 1.373143e-164 0.000000e+000
380 5.051512e-165 0.000000e+000
381 1.858347e-165 0.000000e+000
382 6.836478e-166 0.000000e+000
383 2.515000e-166 0.000000e+000
384 9.252166e-167 0.000000e+000
385 3.403682e-167 0.000000e+000
386 1.252145e-167 0.000000e+000
387 4.606382e-168 0.000000e+000
388 1.694593e-168 0.000000e+000
389 6.234061e-169 0.000000e+000
390 2.293383e-169 0.000000e+000
391 8.436884e-170 0.000000e+000
392 3.103756e-170 0.000000e+000
393 1.141808e-170 0.000000e+000
394 4.200477e-171 0.000000e+000
395 1.545269e-171 0.000000e+000
396 5.684727e-172 0.000000e+000
397 2.091294e-172 0.000000e+000
398 7.693442e-173 0.000000e+000
399 2.830259e-173 0.000000e+000
400 1.041194e-173 0.000000e+000
401 3.830339e-174 0.000000e+000
402 1.409103e-174 0.000000e+000
403 5.183800e-175 0.000000e+000
404 1.907014e-175 0.000000e+000
405 7.015511e-176 0.000000e+000
406 2.580862e-176 0.000000e+000
407 9.494462e-177 0.000000e+000
408 3.492817e-177 0.000000e+000
409 1.284936e-177 0.000000e+000
410 4.727014e-178 0.000000e+000
411 1.738971e-178 0.000000e+000
412 6.397318e-179 0.000000e+000
413 2.353442e-179 0.000000e+000
414 8.657828e-180 0.000000e+000
415 3.185037e-180 0.000000e+000
416 1.171710e-180 0.000000e+000
417 4.310479e-181 0.000000e+000
418 1.585737e-181 0.000000e+000
419 5.833599e-182 0.000000e+000
420 2.146061e-182 0.000000e+000
421 7.894918e-183 0.000000e+000
422 2.904378e-183 0.000000e+000
423 1.068461e-183 0.000000e+000
424 3.930648e-184 0.000000e+000
425 1.446005e-184 0.000000e+000
426 5.319554e-185 0.000000e+000
427 1.956954e-185 0.000000e+000
428 7.199233e-186 0.000000e+000
429 2.648450e-186 0.000000e+000
430 9.743102e-187 0.000000e+000
431 3.584287e-187 0.000000e+000
432 1.318585e-187 0.000000e+000
433 4.850805e-188 0.000000e+000
434 1.784511e-188 0.000000e+000
435 6.564851e-189 0.000000e+000
436 2.415074e-189 0.000000e+000
437 8.884559e-190 0.000000e+000
438 3.268447e-190 0.000000e+000
439 1.202394e-190 0.000000e+000
440 4.423362e-191 0.000000e+000
441 1.627264e-191 0.000000e+000
442 5.986369e-192 0.000000e+000
443 2.202262e-192 0.000000e+000
444 8.101669e-193 0.000000e+000
445 2.980438e-193 0.000000e+000
446 1.096442e-193 0.000000e+000
447 4.033584e-194 0.000000e+000
448 1.483872e-194 0.000000e+000
449 5.458862e-195 0.000000e+000
450 2.008203e-195 0.000000e+000
451 7.387766e-196 0.000000e+000
452 2.717807e-196 0.000000e+000
453 9.998254e-197 0.000000e+000
454 3.678152e-197 0.000000e+000
455 1.353117e-197 0.000000e+000
456 4.977838e-198 0.000000e+000
457 1.831244e-198 0.000000e+000
458 6.736771e-199 0.000000e+000
459 2.478319e-199 0.000000e+000
460 9.117228e-200 0.000000e+000
461 3.354041e-200 0.000000e+000
462 1.233883e-200 0.000000e+000
463 4.539200e-201 0.000000e+000
464 1.669879e-201 0.000000e+000
465 6.143140e-202 0.000000e+000
466 2.259935e-202 0.000000e+000
467 8.313836e-203 0.000000e+000
468 3.058489e-203 0.000000e+000
469 1.125155e-203 0.000000e+000
470 4.139215e-204 0.000000e+000
471 1.522732e-204 0.000000e+000
472 5.601818e-205 0.000000e+000
473 2.060794e-205 0.000000e+000
474 7.581237e-206 0.000000e+000
475 2.788981e-206 0.000000e+000
476 1.026009e-206 0.000000e+000
477 3.774475e-207 0.000000e+000
478 1.388552e-207 0.000000e+000
479 5.108197e-208 0.000000e+000
480 1.879201e-208 0.000000e+000
481 6.913193e-209 0.000000e+000
482 2.543222e-209 0.000000e+000
483 9.355989e-210 0.000000e+000
484 3.441876e-210 0.000000e+000
485 1.266195e-210 0.000000e+000
486 4.658073e-211 0.000000e+000
487 1.713609e-211 0.000000e+000
488 6.304016e-212 0.000000e+000
489 2.319118e-212 0.000000e+000
490 8.531558e-213 0.000000e+000
491 3.138585e-213 0.000000e+000
492 1.154621e-213 0.000000e+000
493 4.247613e-214 0.000000e+000
494 1.562609e-214 0.000000e+000
495 5.748519e-215 0.000000e+000
496 2.114762e-215 0.000000e+000
497 7.779774e-216 0.000000e+000
498 2.862019e-216 0.000000e+000
499 1.052878e-216 0.000000e+000
500 3.873321e-217 0.000000e+000
501 1.424915e-217 0.000000e+000
502 5.241970e-218 0.000000e+000
503 1.928413e-218 0.000000e+000
504 7.094235e-219 0.000000e+000
505 2.609823e-219 0.000000e+000
506 9.601004e-220 0.000000e+000
507 3.532012e-220 0.000000e+000
508 1.299355e-220 0.000000e+000
509 4.780058e-221 0.000000e+000
510 1.758485e-221 0.000000e+000
511 6.469105e-222 0.000000e+000
512 2.379851e-222 0.000000e+000
513 8.754982e-223 0.000000e+000
514 3.220778e-223 0.000000e+000
515 1.184858e-223 0.000000e+000
516 4.358849e-224 0.000000e+000
517 1.603531e-224 0.000000e+000
518 5.899061e-225 0.000000e+000
519 2.170143e-225 0.000000e+000
520 7.983510e-226 0.000000e+000
521 2.936969e-226 0.000000e+000
522 1.080451e-226 0.000000e+000
523 3.974756e-227 0.000000e+000
524 1.462231e-227 0.000000e+000
525 5.379247e-228 0.000000e+000
526 1.978914e-228 0.000000e+000
527 7.280019e-229 0.000000e+000
528 2.678169e-229 0.000000e+000
529 9.852434e-230 0.000000e+000
530 3.624508e-230 0.000000e+000
531 1.333382e-230 0.000000e+000
532 4.905238e-231 0.000000e+000
533 1.804536e-231 0.000000e+000
534 6.638518e-232 0.000000e+000
535 2.442174e-232 0.000000e+000
536 8.984257e-233 0.000000e+000
537 3.305124e-233 0.000000e+000
538 1.215887e-233 0.000000e+000
539 4.472998e-234 0.000000e+000
540 1.645524e-234 0.000000e+000
541 6.053545e-235 0.000000e+000
542 2.226975e-235 0.000000e+000
543 8.192582e-236 0.000000e+000
544 3.013883e-236 0.000000e+000
545 1.108745e-236 0.000000e+000
546 4.078846e-237 0.000000e+000
547 1.500524e-237 0.000000e+000
548 5.520118e-238 0.000000e+000
549 2.030738e-238 0.000000e+000
550 7.470668e-239 0.000000e+000
551 2.748305e-239 0.000000e+000
552 1.011045e-239 0.000000e+000
553 3.719427e-240 0.000000e+000
554 1.368301e-240 0.000000e+000
555 5.033696e-241 0.000000e+000
556 1.851793e-241 0.000000e+000
557 6.812367e-242 0.000000e+000
558 2.506130e-242 0.000000e+000
559 9.219537e-243 0.000000e+000
560 3.391678e-243 0.000000e+000
561 1.247729e-243 0.000000e+000
562 4.590137e-244 0.000000e+000
563 1.688617e-244 0.000000e+000
564 6.212075e-245 0.000000e+000
565 2.285295e-245 0.000000e+000
566 8.407129e-246 0.000000e+000
567 3.092810e-246 0.000000e+000
568 1.137781e-246 0.000000e+000
569 4.185663e-247 0.000000e+000
570 1.539819e-247 0.000000e+000
571 5.664679e-248 0.000000e+000
572 2.083919e-248 0.000000e+000
573 7.666309e-249 0.000000e+000
574 2.820278e-249 0.000000e+000
575 1.037522e-249 0.000000e+000
576 3.816831e-250 0.000000e+000
577 1.404134e-250 0.000000e+000
578 5.165519e-251 0.000000e+000
579 1.900288e-251 0.000000e+000
580 6.990769e-252 0.000000e+000
581 2.571760e-252 0.000000e+000
582 9.460978e-253 0.000000e+000
583 3.480499e-253 0.000000e+000
584 1.280404e-253 0.000000e+000
585 4.710343e-254 0.000000e+000
586 1.732838e-254 0.000000e+000
587 6.374756e-255 0.000000e+000
588 2.345142e-255 0.000000e+000
589 8.627295e-256 0.000000e+000
590 3.173804e-256 0.000000e+000
591 1.167577e-256 0.000000e+000
592 4.295277e-257 0.000000e+000
593 1.580144e-257 0.000000e+000
594 5.813025e-258 0.000000e+000
595 2.138493e-258 0.000000e+000
596 7.867075e-259 0.000000e+000
597 2.894135e-259 0.000000e+000
598 1.064693e-259 0.000000e+000
599 3.916786e-260 0.000000e+000
600 1.440905e-260 0.000000e+000
601 5.300793e-261 0.000000e+000
602 1.950053e-261 0.000000e+000
603 7.173843e-262 0.000000e+000
604 2.639109e-262 0.000000e+000
605 9.708741e-263 0.000000e+000
606 3.571646e-263 0.000000e+000
607 1.313935e-263 0.000000e+000
608 4.833698e-264 0.000000e+000
609 1.778218e-264 0.000000e+000
610 6.541698e-265 0.000000e+000
611 2.406556e-265 0.000000e+000
612 8.853226e-266 0.000000e+000
613 3.256920e-266 0.000000e+000
614 1.198154e-266 0.000000e+000
615 4.407762e-267 0.000000e+000
616 1.621525e-267 0.000000e+000
617 5.965257e-268 0.000000e+000
618 2.194495e-268 0.000000e+000
619 8.073097e-269 0.000000e+000
620 2.969926e-269 0.000000e+000
621 1.092575e-269 0.000000e+000
622 4.019358e-270 0.000000e+000
623 1.478639e-270 0.000000e+000
624 5.439610e-271 0.000000e+000
625 2.001121e-271 0.000000e+000
626 7.361712e-272 0.000000e+000
627 2.708222e-272 0.000000e+000
628 9.962993e-273 0.000000e+000
629 3.665180e-273 0.000000e+000
630 1.348345e-273 0.000000e+000
631 4.960282e-274 0.000000e+000
632 1.824786e-274 0.000000e+000
633 6.713012e-275 0.000000e+000
634 2.469579e-275 0.000000e+000
635 9.085074e-276 0.000000e+000
636 3.342212e-276 0.000000e+000
637 1.229531e-276 0.000000e+000
638 4.523192e-277 0.000000e+000
639 1.663989e-277 0.000000e+000
640 6.121475e-278 0.000000e+000
641 2.251965e-278 0.000000e+000
642 8.284515e-279 0.000000e+000
643 3.047703e-279 0.000000e+000
644 1.121187e-279 0.000000e+000
645 4.124617e-280 0.000000e+000
646 1.517362e-280 0.000000e+000
647 5.582062e-281 0.000000e+000
648 2.053526e-281 0.000000e+000
649 7.554500e-282 0.000000e+000
650 2.779145e-282 0.000000e+000
651 1.022390e-282 0.000000e+000
652 3.761164e-283 0.000000e+000
653 1.383655e-283 0.000000e+000
654 5.090182e-284 0.000000e+000
655 1.872573e-284 0.000000e+000
656 6.888812e-285 0.000000e+000
657 2.534252e-285 0.000000e+000
658 9.322994e-286 0.000000e+000
659 3.429738e-286 0.000000e+000
660 1.261730e-286 0.000000e+000
661 4.641645e-287 0.000000e+000
662 1.707566e-287 0.000000e+000
663 6.281784e-288 0.000000e+000
664 2.310939e-288 0.000000e+000
665 8.501470e-289 0.000000e+000
666 3.127516e-289 0.000000e+000
667 1.150549e-289 0.000000e+000
668 4.232633e-290 0.000000e+000
669 1.557098e-290 0.000000e+000
670 5.728245e-291 0.000000e+000
671 2.107304e-291 0.000000e+000
672 7.752337e-292 0.000000e+000
673 2.851925e-292 0.000000e+000
674 1.049165e-292 0.000000e+000
675 3.859661e-293 0.000000e+000
676 1.419890e-293 0.000000e+000
677 5.223484e-294 0.000000e+000
678 1.921612e-294 0.000000e+000
679 7.069216e-295 0.000000e+000
680 2.600619e-295 0.000000e+000
681 9.567144e-296 0.000000e+000
682 3.519556e-296 0.000000e+000
683 1.294772e-296 0.000000e+000
684 4.763200e-297 0.000000e+000
685 1.752284e-297 0.000000e+000
686 6.446291e-298 0.000000e+000
687 2.371458e-298 0.000000e+000
688 8.724106e-299 0.000000e+000
689 3.209419e-299 0.000000e+000
690 1.180679e-299 0.000000e+000
691 4.343477e-300 0.000000e+000
692 1.597876e-300 0.000000e+000
693 5.878256e-301 0.000000e+000
694 2.162490e-301 0.000000e+000
695 7.955355e-302 0.000000e+000
696 2.926611e-302 0.000000e+000
697 1.076640e-302 0.000000e+000
698 3.960738e-303 0.000000e+000
699 1.457074e-303 0.000000e+000
700 5.360276e-304 0.000000e+000
701 1.971935e-304 0.000000e+000
702 7.254345e-305 0.000000e+000
703 2.668724e-305 0.000000e+000
704 9.817688e-306 0.000000e+000
705 3.611726e-306 0.000000e+000
706 1.328680e-306 0.000000e+000
707 4.887939e-307 0.000000e+000
708 1.798172e-307 0.000000e+000
709 6.615106e-308 0.000000e+000
710 2.433562e-308 0.000000e+000
711 8.952572e-309 0.000000e+000
712 3.293467e-309 0.000000e+000
713 1.211599e-309 0.000000e+000
714 4.457223e-310 0.000000e+000
715 1.639721e-310 0.000000e+000
716 6.032196e-311 0.000000e+000
717 2.219121e-311 0.000000e+000
718 8.163689e-312 0.000000e+000
719 3.003253e-312 0.000000e+000
720 1.104835e-312 0.000000e+000
721 4.064462e-313 0.000000e+000
722 1.495232e-313 0.000000e+000
723 5.500651e-314 0.000000e+000
724 2.023576e-314 0.000000e+000
725 7.444321e-315 0.000000e+000
726 2.738613e-315 0.000000e+000
727 1.007479e-315 0.000000e+000
728 3.706309e-316 0.000000e+000
729 1.363475e-316 0.000000e+000
730 5.015944e-317 0.000000e+000
731 1.845263e-317 0.000000e+000
732 6.788343e-318 0.000000e+000
733 2.497294e-318 0.000000e+000
734 9.187052e-319 0.000000e+000
735 3.379705e-319 0.000000e+000
736 1.243366e-319 0.000000e+000
737 4.574060e-320 0.000000e+000
738 1.682788e-320 0.000000e+000
739 6.185702e-321 0.000000e+000
740 2.272702e-321 0.000000e+000
741 8.399116e-322 0.000000e+000
742 3.063207e-322 0.000000e+000
743 1.086944e-322 0.000000e+000
744 3.952525e-323 0.000000e+000
745 1.976263e-323 0.000000e+000
746 9.881313e-324 0.000000e+000
747 0.000000e+000 0.000000e+000
748 0.000000e+000 0.000000e+000
749 0.000000e+000 0.000000e+000
750 0.000000e+000 0.000000e+000
751 0.000000e+000 0.000000e+000
752 0.000000e+000 0.000000e+000
753 0.000000e+000 0.000000e+000
754 0.000000e+000 0.000000e+000
755 0.000000e+000 0.000000e+000
756 0.000000e+000 0.000000e+000
757 0.000000e+000 0.000000e+000
758 0.000000e+000 0.000000e+000
759 0.000000e+000 0.000000e+000
760 0.000000e+000 0.000000e+000
761 0.000000e+000 0.000000e+000
762 0.000000e+000 0.000000e+000
763 0.000000e+000 0.000000e+000
764 0.000000e+000 0.000000e+000
765 0.000000e+000 0.000000e+000
766 0.000000e+000 0.000000e+000
767 0.000000e+000 0.000000e+000
768 0.000000e+000 0.000000e+000
769 0.000000e+000 0.000000e+000
770 0.000000e+000 0.000000e+000
771 0.000000e+000 0.000000e+000
772 0.000000e+000 0.000000e+000
773 0.000000e+000 0.000000e+000
774 0.000000e+000 0.000000e+000
775 0.000000e+000 0.000000e+000
776 0.000000e+000 0.000000e+000
777 0.000000e+000 0.000000e+000
778 0.000000e+000 0.000000e+000
779 0.000000e+000 0.000000e+000
780 0.000000e+000 0.000000e+000
781 0.000000e+000 0.000000e+000
782 0.000000e+000 0.000000e+000
783 0.000000e+000 0.000000e+000
784 0.000000e+000 0.000000e+000
785 0.000000e+000 0.000000e+000
786 0.000000e+000 0.000000e+000
787 0.000000e+000 0.000000e+000
788 0.000000e+000 0.000000e+000
789 0.000000e+000 0.000000e+000
790 0.000000e+000 0.000000e+000
791 0.000000e+000 0.000000e+000
792 0.000000e+000 0.000000e+000
793 0.000000e+000 0.000000e+000
794 0.000000e+000 0.000000e+000
795 0.000000e+000 0.000000e+000
796 0.000000e+000 0.000000e+000
797 0.000000e+000 0.000000e+000
798 0.000000e+000 0.000000e+000
799 0.000000e+000 0.000000e+000
800 0.000000e+000 0.000000e+000
801 0.000000e+000 0.000000e+000
802 0.000000e+000 0.000000e+000
803 0.000000e+000 0.000000e+000
804 0.000000e+000 0.000000e+000
805 0.000000e+000 0.000000e+000
806 0.000000e+000 0.000000e+000
807 0.000000e+000 0.000000e+000
808 0.000000e+000 0.000000e+000
809 0.000000e+000 0.000000e+000
810 0.000000e+000 0.000000e+000
811 0.000000e+000 0.000000e+000
812 0.000000e+000 0.000000e+000
813 0.000000e+000 0.000000e+000
814 0.000000e+000 0.000000e+000
815 0.000000e+000 0.000000e+000
816 0.000000e+000 0.000000e+000
817 0.000000e+000 0.000000e+000
818 0.000000e+000 0.000000e+000
819 0.000000e+000 0.000000e+000
820 0.000000e+000 0.000000e+000
821 0.000000e+000 0.000000e+000
822 0.000000e+000 0.000000e+000
823 0.000000e+000 0.000000e+000
824 0.000000e+000 0.000000e+000
825 0.000000e+000 0.000000e+000
826 0.000000e+000 0.000000e+000
827 0.000000e+000 0.000000e+000
828 0.000000e+000 0.000000e+000
829 0.000000e+000 0.000000e+000
830 0.000000e+000 0.000000e+000
831 0.000000e+000 0.000000e+000
832 0.000000e+000 0.000000e+000
833 0.000000e+000 0.000000e+000
834 0.000000e+000 0.000000e+000
835 0.000000e+000 0.000000e+000
836 0.000000e+000 0.000000e+000
837 0.000000e+000 0.000000e+000
838 0.000000e+000 0.000000e+000
839 0.000000e+000 0.000000e+000
840 0.000000e+000 0.000000e+000
841 0.000000e+000 0.000000e+000
842 0.000000e+000 0.000000e+000
843 0.000000e+000 0.000000e+000
844 0.000000e+000 0.000000e+000
845 0.000000e+000 0.000000e+000
846 0.000000e+000 0.000000e+000
847 0.000000e+000 0.000000e+000
848 0.000000e+000 0.000000e+000
849 0.000000e+000 0.000000e+000
850 0.000000e+000 0.000000e+000
851 0.000000e+000 0.000000e+000
852 0.000000e+000 0.000000e+000
853 0.000000e+000 0.000000e+000
854 0.000000e+000 0.000000e+000
855 0.000000e+000 0.000000e+000
856 0.000000e+000 0.000000e+000
857 0.000000e+000 0.000000e+000
858 0.000000e+000 0.000000e+000
859 0.000000e+000 0.000000e+000
860 0.000000e+000 0.000000e+000
861 0.000000e+000 0.000000e+000
862 0.000000e+000 0.000000e+000
863 0.000000e+000 0.000000e+000
864 0.000000e+000 0.000000e+000
865 0.000000e+000 0.000000e+000
866 0.000000e+000 0.000000e+000
867 0.000000e+000 0.000000e+000
868 0.000000e+000 0.000000e+000
869 0.000000e+000 0.000000e+000
870 0.000000e+000 0.000000e+000
871 0.000000e+000 0.000000e+000
872 0.000000e+000 0.000000e+000
873 0.000000e+000 0.000000e+000
874 0.000000e+000 0.000000e+000
875 0.000000e+000 0.000000e+000
876 0.000000e+000 0.000000e+000
877 0.000000e+000 0.000000e+000
878 0.000000e+000 0.000000e+000
879 0.000000e+000 0.000000e+000
880 0.000000e+000 0.000000e+000
881 0.000000e+000 0.000000e+000
882 0.000000e+000 0.000000e+000
883 0.000000e+000 0.000000e+000
884 0.000000e+000 0.000000e+000
885 0.000000e+000 0.000000e+000
886 0.000000e+000 0.000000e+000
887 0.000000e+000 0.000000e+000
888 0.000000e+000 0.000000e+000
889 0.000000e+000 0.000000e+000
890 0.000000e+000 0.000000e+000
891 0.000000e+000 0.000000e+000
892 0.000000e+000 0.000000e+000
893 0.000000e+000 0.000000e+000
894 0.000000e+000 0.000000e+000
895 0.000000e+000 0.000000e+000
896 0.000000e+000 0.000000e+000
897 0.000000e+000 0.000000e+000
898 0.000000e+000 0.000000e+000
899 0.000000e+000 0.000000e+000
900 0.000000e+000 0.000000e+000
901 0.000000e+000 0.000000e+000
902 0.000000e+000 0.000000e+000
903 0.000000e+000 0.000000e+000
904 0.000000e+000 0.000000e+000
905 0.000000e+000 0.000000e+000
906 0.000000e+000 0.000000e+000
907 0.000000e+000 0.000000e+000
908 0.000000e+000 0.000000e+000
909 0.000000e+000 0.000000e+000
910 0.000000e+000 0.000000e+000
911 0.000000e+000 0.000000e+000
912 0.000000e+000 0.000000e+000
913 0.000000e+000 0.000000e+000
914 0.000000e+000 0.000000e+000
915 0.000000e+000 0.000000e+000
916 0.000000e+000 0.000000e+000
917 0.000000e+000 0.000000e+000
918 0.000000e+000 0.000000e+000
919 0.000000e+000 0.000000e+000
920 0.000000e+000 0.000000e+000
921 0.000000e+000 0.000000e+000
922 0.000000e+000 0.000000e+000
923 0.000000e+000 0.000000e+000
924 0.000000e+000 0.000000e+000
925 0.000000e+000 0.000000e+000
926 0.000000e+000 0.000000e+000
927 0.000000e+000 0.000000e+000
928 0.000000e+000 0.000000e+000
929 0.000000e+000 0.000000e+000
930 0.000000e+000 0.000000e+000
931 0.000000e+000 0.000000e+000
932 0.000000e+000 0.000000e+000
933 0.000000e+000 0.000000e+000
934 0.000000e+000 0.000000e+000
935 0.000000e+000 0.000000e+000
936 0.000000e+000 0.000000e+000
937 0.000000e+000 0.000000e+000
938 0.000000e+000 0.000000e+000
939 0.000000e+000 0.000000e+000
940 0.000000e+000 0.000000e+000
941 0.000000e+000 0.000000e+000
942 0.000000e+000 0.000000e+000
943 0.000000e+000 0.000000e+000
944 0.000000e+000 0.000000e+000
945 0.000000e+000 0.000000e+000
946 0.000000e+000 0.000000e+000
947 0.000000e+000 0.000000e+000
948 0.000000e+000 0.000000e+000
949 0.000000e+000 0.000000e+000
950 0.000000e+000 0.000000e+000
951 0.000000e+000 0.000000e+000
952 0.000000e+000 0.000000e+000
953 0.000000e+000 0.000000e+000
954 0.000000e+000 0.000000e+000
955 0.000000e+000 0.000000e+000
956 0.000000e+000 0.000000e+000
957 0.000000e+000 0.000000e+000
958 0.000000e+000 0.000000e+000
959 0.000000e+000 0.000000e+000
960 0.000000e+000 0.000000e+000
961 0.000000e+000 0.000000e+000
962 0.000000e+000 0.000000e+000
963 0.000000e+000 0.000000e+000
964 0.000000e+000 0.000000e+000
965 0.000000e+000 0.000000e+000
966 0.000000e+000 0.000000e+000
967 0.000000e+000 0.000000e+000
968 0.000000e+000 0.000000e+000
969 0.000000e+000 0.000000e+000
970 0.000000e+000 0.000000e+000
971 0.000000e+000 0.000000e+000
972 0.000000e+000 0.000000e+000
973 0.000000e+000 0.000000e+000
974 0.000000e+000 0.000000e+000
975 0.000000e+000 0.000000e+000
976 0.000000e+000 0.000000e+000
977 0.000000e+000 0.000000e+000
978 0.000000e+000 0.000000e+000
979 0.000000e+000 0.000000e+000
980 0.000000e+000 0.000000e+000
981 0.000000e+000 0.000000e+000
982 0.000000e+000 0.000000e+000
983 0.000000e+000 0.000000e+000
984 0.000000e+000 0.000000e+000
985 0.000000e+000 0.000000e+000
986 0.000000e+000 0.000000e+000
987 0.000000e+000 0.000000e+000
988 0.000000e+000 0.000000e+000
989 0.000000e+000 0.000000e+000
990 0.000000e+000 0.000000e+000
991 0.000000e+000 0.000000e+000
992 0.000000e+000 0.000000e+000
993 0.000000e+000 0.000000e+000
994 0.000000e+000 0.000000e+000
995 0.000000e+000 0.000000e+000
996 0.000000e+000 0.000000e+000
997 0.000000e+000 0.000000e+000
998 0.000000e+000 0.000000e+000
999 0.000000e+000 0.000000e+000
