0.010000 0.387014
0.020000 -0.048356
0.030000 0.014299
0.040000 -0.006000
0.050000 0.003036
0.060000 -0.001719
0.070000 0.001043
0.080000 -0.000659
0.090000 0.000422
0.100000 -0.000266
0.110000 0.000158
0.120000 -0.000079
0.130000 0.000020
0.140000 0.000027
0.150000 -0.000064
0.160000 0.000096
0.170000 -0.000122
0.180000 0.000146
0.190000 -0.000166
0.200000 0.000185
0.210000 -0.000201
0.220000 0.000217
0.230000 -0.000231
0.240000 0.000244
0.250000 -0.000256
0.260000 0.000268
0.270000 -0.000279
0.280000 0.000289
0.290000 -0.000299
0.300000 0.000309
0.310000 -0.000317
0.320000 0.000326
0.330000 -0.000333
0.340000 0.000341
0.350000 -0.000348
0.360000 0.000354
0.370000 -0.000360
0.380000 0.000366
0.390000 -0.000371
0.400000 0.000376
0.410000 -0.000380
0.420000 0.000384
0.430000 -0.000387
0.440000 0.000390
0.450000 -0.000393
0.460000 0.000395
0.470000 -0.000396
0.480000 0.000398
0.490000 -0.000399
0.500000 0.000399
0.510000 -0.000399
0.520000 0.000399
0.530000 -0.000398
0.540000 0.000396
0.550000 -0.000395
0.560000 0.000393
0.570000 -0.000390
0.580000 0.000387
0.590000 -0.000384
0.600000 0.000380
0.610000 -0.000376
0.620000 0.000371
0.630000 -0.000366
0.640000 0.000361
0.650000 -0.000355
0.660000 0.000349
0.670000 -0.000343
0.680000 0.000336
0.690000 -0.000329
0.700000 0.000322
0.710000 -0.000314
0.720000 0.000306
0.730000 -0.000298
0.740000 0.000290
0.750000 -0.000281
0.760000 0.000272
0.770000 -0.000262
0.780000 0.000253
0.790000 -0.000243
0.800000 0.000233
0.810000 -0.000222
0.820000 0.000212
0.830000 -0.000201
0.840000 0.000190
0.850000 -0.000179
0.860000 0.000168
0.870000 -0.000157
0.880000 0.000145
0.890000 -0.000134
0.900000 0.000122
0.910000 -0.000110
0.920000 0.000098
0.930000 -0.000086
0.940000 0.000074
0.950000 -0.000062
0.960000 0.000049
0.970000 -0.000037
0.980000 0.000025
0.990000 -0.000012
