0.000000 0.000000 0.000000 -0.000000
0.003145 -0.002144 -0.002137 -0.000006
0.006289 -0.004287 -0.004275 -0.000013
0.009434 -0.006431 -0.006412 -0.000019
0.012579 -0.008575 -0.008550 -0.000025
0.015724 -0.010718 -0.010687 -0.000031
0.018868 -0.012861 -0.012824 -0.000037
0.022013 -0.015004 -0.014961 -0.000043
0.025158 -0.017147 -0.017098 -0.000049
0.028303 -0.019290 -0.019234 -0.000056
0.031447 -0.021432 -0.021371 -0.000062
0.034592 -0.023574 -0.023507 -0.000068
0.037737 -0.025716 -0.025642 -0.000073
0.040882 -0.027857 -0.027778 -0.000079
0.044026 -0.029998 -0.029913 -0.000085
0.047171 -0.032139 -0.032047 -0.000091
0.050316 -0.034279 -0.034182 -0.000097
0.053461 -0.036418 -0.036315 -0.000103
0.056605 -0.038557 -0.038449 -0.000109
0.059750 -0.040695 -0.040581 -0.000114
0.062895 -0.042833 -0.042713 -0.000120
0.066039 -0.044970 -0.044845 -0.000126
0.069184 -0.047107 -0.046976 -0.000131
0.072329 -0.049243 -0.049106 -0.000137
0.075474 -0.051378 -0.051236 -0.000142
0.078618 -0.053512 -0.053364 -0.000148
0.081763 -0.055646 -0.055493 -0.000154
0.084908 -0.057779 -0.057620 -0.000159
0.088053 -0.059911 -0.059746 -0.000164
0.091197 -0.062042 -0.061872 -0.000170
0.094342 -0.064172 -0.063997 -0.000175
0.097487 -0.066301 -0.066121 -0.000181
0.100632 -0.068430 -0.068244 -0.000186
0.103776 -0.070557 -0.070366 -0.000191
0.106921 -0.072683 -0.072487 -0.000197
0.110066 -0.074809 -0.074607 -0.000202
0.113211 -0.076933 -0.076726 -0.000207
0.116355 -0.079056 -0.078844 -0.000212
0.119500 -0.081178 -0.080960 -0.000217
0.122645 -0.083298 -0.083076 -0.000222
0.125789 -0.085418 -0.085190 -0.000228
0.128934 -0.087536 -0.087304 -0.000233
0.132079 -0.089653 -0.089416 -0.000238
0.135224 -0.091769 -0.091526 -0.000243
0.138368 -0.093883 -0.093636 -0.000248
0.141513 -0.095996 -0.095744 -0.000252
0.144658 -0.098108 -0.097851 -0.000257
0.147803 -0.100218 -0.099956 -0.000262
0.150947 -0.102327 -0.102060 -0.000267
0.154092 -0.104434 -0.104162 -0.000272
0.157237 -0.106540 -0.106263 -0.000277
0.160382 -0.108644 -0.108362 -0.000281
0.163526 -0.110746 -0.110460 -0.000286
0.166671 -0.112847 -0.112557 -0.000291
0.169816 -0.114947 -0.114651 -0.000295
0.172961 -0.117044 -0.116744 -0.000300
0.176105 -0.119140 -0.118836 -0.000305
0.179250 -0.121235 -0.120925 -0.000309
0.182395 -0.123327 -0.123013 -0.000314
0.185540 -0.125418 -0.125100 -0.000318
0.188684 -0.127507 -0.127184 -0.000323
0.191829 -0.129594 -0.129266 -0.000327
0.194974 -0.131679 -0.131347 -0.000332
0.198118 -0.133762 -0.133426 -0.000336
0.201263 -0.135843 -0.135503 -0.000340
0.204408 -0.137922 -0.137578 -0.000345
0.207553 -0.140000 -0.139651 -0.000349
0.210697 -0.142075 -0.141722 -0.000353
0.213842 -0.144148 -0.143791 -0.000357
0.216987 -0.146219 -0.145858 -0.000362
0.220132 -0.148288 -0.147922 -0.000366
0.223276 -0.150355 -0.149985 -0.000370
0.226421 -0.152419 -0.152045 -0.000374
0.229566 -0.154482 -0.154104 -0.000378
0.232711 -0.156542 -0.156160 -0.000382
0.235855 -0.158600 -0.158214 -0.000386
0.239000 -0.160655 -0.160265 -0.000390
0.242145 -0.162708 -0.162314 -0.000394
0.245290 -0.164759 -0.164361 -0.000398
0.248434 -0.166808 -0.166406 -0.000402
0.251579 -0.168853 -0.168448 -0.000406
0.254724 -0.170897 -0.170487 -0.000410
0.257868 -0.172938 -0.172525 -0.000413
0.261013 -0.174976 -0.174559 -0.000417
0.264158 -0.177012 -0.176592 -0.000421
0.267303 -0.179046 -0.178621 -0.000425
0.270447 -0.181077 -0.180648 -0.000428
0.273592 -0.183105 -0.182673 -0.000432
0.276737 -0.185130 -0.184695 -0.000436
0.279882 -0.187153 -0.186714 -0.000439
0.283026 -0.189173 -0.188730 -0.000443
0.286171 -0.191190 -0.190744 -0.000446
0.289316 -0.193204 -0.192755 -0.000450
0.292461 -0.195216 -0.194763 -0.000453
0.295605 -0.197225 -0.196768 -0.000457
0.298750 -0.199231 -0.198771 -0.000460
0.301895 -0.201234 -0.200770 -0.000463
0.305040 -0.203234 -0.202767 -0.000467
0.308184 -0.205231 -0.204761 -0.000470
0.311329 -0.207225 -0.206752 -0.000473
0.314474 -0.209216 -0.208739 -0.000477
0.317618 -0.211204 -0.210724 -0.000480
0.320763 -0.213189 -0.212706 -0.000483
0.323908 -0.215171 -0.214684 -0.000486
0.327053 -0.217149 -0.216660 -0.000489
0.330197 -0.219125 -0.218632 -0.000493
0.333342 -0.221097 -0.220601 -0.000496
0.336487 -0.223066 -0.222567 -0.000499
0.339632 -0.225032 -0.224530 -0.000502
0.342776 -0.226994 -0.226489 -0.000505
0.345921 -0.228953 -0.228446 -0.000508
0.349066 -0.230909 -0.230398 -0.000511
0.352211 -0.232861 -0.232348 -0.000513
0.355355 -0.234810 -0.234294 -0.000516
0.358500 -0.236756 -0.236237 -0.000519
0.361645 -0.238698 -0.238176 -0.000522
0.364790 -0.240637 -0.240112 -0.000525
0.367934 -0.242572 -0.242044 -0.000528
0.371079 -0.244503 -0.243973 -0.000530
0.374224 -0.246431 -0.245898 -0.000533
0.377368 -0.248355 -0.247820 -0.000536
0.380513 -0.250276 -0.249738 -0.000538
0.383658 -0.252193 -0.251652 -0.000541
0.386803 -0.254106 -0.253563 -0.000544
0.389947 -0.256016 -0.255470 -0.000546
0.393092 -0.257921 -0.257373 -0.000549
0.396237 -0.259823 -0.259272 -0.000551
0.399382 -0.261722 -0.261168 -0.000554
0.402526 -0.263616 -0.263060 -0.000556
0.405671 -0.265506 -0.264948 -0.000559
0.408816 -0.267393 -0.266832 -0.000561
0.411961 -0.269276 -0.268712 -0.000563
0.415105 -0.271154 -0.270589 -0.000566
0.418250 -0.273029 -0.272461 -0.000568
0.421395 -0.274900 -0.274329 -0.000570
0.424540 -0.276766 -0.276194 -0.000572
0.427684 -0.278629 -0.278054 -0.000575
0.430829 -0.280487 -0.279910 -0.000577
0.433974 -0.282341 -0.281762 -0.000579
0.437118 -0.284192 -0.283610 -0.000581
0.440263 -0.286037 -0.285454 -0.000583
0.443408 -0.287879 -0.287294 -0.000585
0.446553 -0.289717 -0.289129 -0.000587
0.449697 -0.291550 -0.290961 -0.000589
0.452842 -0.293379 -0.292787 -0.000591
0.455987 -0.295203 -0.294610 -0.000593
0.459132 -0.297024 -0.296428 -0.000595
0.462276 -0.298840 -0.298242 -0.000597
0.465421 -0.300651 -0.300052 -0.000599
0.468566 -0.302458 -0.301857 -0.000601
0.471711 -0.304261 -0.303658 -0.000603
0.474855 -0.306059 -0.305454 -0.000605
0.478000 -0.307852 -0.307246 -0.000606
0.481145 -0.309641 -0.309033 -0.000608
0.484290 -0.311426 -0.310816 -0.000610
0.487434 -0.313205 -0.312594 -0.000612
0.490579 -0.314981 -0.314367 -0.000613
0.493724 -0.316751 -0.316136 -0.000615
0.496869 -0.318517 -0.317900 -0.000616
0.500013 -0.320278 -0.319660 -0.000618
0.503158 -0.322034 -0.321415 -0.000620
0.506303 -0.323786 -0.323165 -0.000621
0.509447 -0.325533 -0.324910 -0.000623
0.512592 -0.327275 -0.326651 -0.000624
0.515737 -0.329012 -0.328386 -0.000626
0.518882 -0.330744 -0.330117 -0.000627
0.522026 -0.332472 -0.331843 -0.000628
0.525171 -0.334194 -0.333564 -0.000630
0.528316 -0.335911 -0.335280 -0.000631
0.531461 -0.337624 -0.336992 -0.000632
0.534605 -0.339331 -0.338698 -0.000634
0.537750 -0.341034 -0.340399 -0.000635
0.540895 -0.342731 -0.342095 -0.000636
0.544040 -0.344423 -0.343786 -0.000637
0.547184 -0.346111 -0.345472 -0.000638
0.550329 -0.347793 -0.347153 -0.000640
0.553474 -0.349469 -0.348829 -0.000641
0.556619 -0.351141 -0.350499 -0.000642
0.559763 -0.352807 -0.352165 -0.000643
0.562908 -0.354469 -0.353825 -0.000644
0.566053 -0.356124 -0.355480 -0.000645
0.569197 -0.357775 -0.357129 -0.000646
0.572342 -0.359420 -0.358773 -0.000647
0.575487 -0.361060 -0.360412 -0.000648
0.578632 -0.362695 -0.362046 -0.000649
0.581776 -0.364324 -0.363674 -0.000650
0.584921 -0.365947 -0.365297 -0.000650
0.588066 -0.367566 -0.366914 -0.000651
0.591211 -0.369178 -0.368526 -0.000652
0.594355 -0.370786 -0.370133 -0.000653
0.597500 -0.372387 -0.371734 -0.000654
0.600645 -0.373983 -0.373329 -0.000654
0.603790 -0.375574 -0.374919 -0.000655
0.606934 -0.377159 -0.376503 -0.000656
0.610079 -0.378738 -0.378082 -0.000656
0.613224 -0.380312 -0.379655 -0.000657
0.616369 -0.381880 -0.381222 -0.000658
0.619513 -0.383442 -0.382784 -0.000658
0.622658 -0.384998 -0.384339 -0.000659
0.625803 -0.386549 -0.385890 -0.000659
0.628947 -0.388094 -0.387434 -0.000660
0.632092 -0.389633 -0.388973 -0.000660
0.635237 -0.391166 -0.390505 -0.000661
0.638382 -0.392693 -0.392032 -0.000661
0.641526 -0.394215 -0.393553 -0.000662
0.644671 -0.395730 -0.395068 -0.000662
0.647816 -0.397240 -0.396578 -0.000662
0.650961 -0.398744 -0.398081 -0.000663
0.654105 -0.400241 -0.399578 -0.000663
0.657250 -0.401733 -0.401070 -0.000663
0.660395 -0.403219 -0.402555 -0.000663
0.663540 -0.404698 -0.404034 -0.000664
0.666684 -0.406171 -0.405508 -0.000664
0.669829 -0.407639 -0.406975 -0.000664
0.672974 -0.409100 -0.408436 -0.000664
0.676119 -0.410555 -0.409891 -0.000664
0.679263 -0.412004 -0.411339 -0.000664
0.682408 -0.413446 -0.412782 -0.000665
0.685553 -0.414883 -0.414218 -0.000665
0.688697 -0.416313 -0.415648 -0.000665
0.691842 -0.417737 -0.417072 -0.000665
0.694987 -0.419154 -0.418490 -0.000665
0.698132 -0.420565 -0.419901 -0.000665
0.701276 -0.421970 -0.421306 -0.000665
0.704421 -0.423369 -0.422704 -0.000664
0.707566 -0.424761 -0.424096 -0.000664
0.710711 -0.426146 -0.425482 -0.000664
0.713855 -0.427525 -0.426861 -0.000664
0.717000 -0.428898 -0.428234 -0.000664
0.720145 -0.430264 -0.429601 -0.000664
0.723290 -0.431624 -0.430961 -0.000663
0.726434 -0.432977 -0.432314 -0.000663
0.729579 -0.434324 -0.433661 -0.000663
0.732724 -0.435664 -0.435001 -0.000663
0.735869 -0.436997 -0.436335 -0.000662
0.739013 -0.438324 -0.437662 -0.000662
0.742158 -0.439644 -0.438982 -0.000662
0.745303 -0.440957 -0.440296 -0.000661
0.748447 -0.442264 -0.441603 -0.000661
0.751592 -0.443564 -0.442903 -0.000660
0.754737 -0.444857 -0.444197 -0.000660
0.757882 -0.446143 -0.445484 -0.000659
0.761026 -0.447423 -0.446764 -0.000659
0.764171 -0.448696 -0.448037 -0.000658
0.767316 -0.449962 -0.449304 -0.000658
0.770461 -0.451221 -0.450563 -0.000657
0.773605 -0.452473 -0.451816 -0.000657
0.776750 -0.453718 -0.453062 -0.000656
0.779895 -0.454956 -0.454301 -0.000655
0.783040 -0.456188 -0.455533 -0.000655
0.786184 -0.457412 -0.456758 -0.000654
0.789329 -0.458630 -0.457976 -0.000653
0.792474 -0.459840 -0.459187 -0.000653
0.795619 -0.461043 -0.460392 -0.000652
0.798763 -0.462240 -0.461589 -0.000651
0.801908 -0.463429 -0.462779 -0.000650
0.805053 -0.464611 -0.463961 -0.000649
0.808198 -0.465786 -0.465137 -0.000649
0.811342 -0.466954 -0.466306 -0.000648
0.814487 -0.468114 -0.467467 -0.000647
0.817632 -0.469268 -0.468622 -0.000646
0.820776 -0.470414 -0.469769 -0.000645
0.823921 -0.471553 -0.470909 -0.000644
0.827066 -0.472685 -0.472042 -0.000643
0.830211 -0.473809 -0.473167 -0.000642
0.833355 -0.474926 -0.474285 -0.000641
0.836500 -0.476036 -0.475396 -0.000640
0.839645 -0.477139 -0.476500 -0.000639
0.842790 -0.478234 -0.477596 -0.000638
0.845934 -0.479322 -0.478685 -0.000637
0.849079 -0.480402 -0.479766 -0.000636
0.852224 -0.481475 -0.480840 -0.000635
0.855369 -0.482540 -0.481907 -0.000634
0.858513 -0.483598 -0.482966 -0.000632
0.861658 -0.484649 -0.484018 -0.000631
0.864803 -0.485692 -0.485062 -0.000630
0.867948 -0.486728 -0.486099 -0.000629
0.871092 -0.487756 -0.487128 -0.000628
0.874237 -0.488776 -0.488150 -0.000626
0.877382 -0.489789 -0.489164 -0.000625
0.880526 -0.490794 -0.490170 -0.000624
0.883671 -0.491792 -0.491169 -0.000622
0.886816 -0.492781 -0.492160 -0.000621
0.889961 -0.493764 -0.493144 -0.000620
0.893105 -0.494738 -0.494120 -0.000618
0.896250 -0.495705 -0.495088 -0.000617
0.899395 -0.496664 -0.496049 -0.000615
0.902540 -0.497616 -0.497002 -0.000614
0.905684 -0.498559 -0.497947 -0.000612
0.908829 -0.499495 -0.498884 -0.000611
0.911974 -0.500423 -0.499814 -0.000609
0.915119 -0.501344 -0.500736 -0.000608
0.918263 -0.502256 -0.501650 -0.000606
0.921408 -0.503161 -0.502556 -0.000605
0.924553 -0.504057 -0.503454 -0.000603
0.927698 -0.504946 -0.504344 -0.000602
0.930842 -0.505827 -0.505227 -0.000600
0.933987 -0.506700 -0.506101 -0.000598
0.937132 -0.507565 -0.506968 -0.000597
0.940276 -0.508422 -0.507827 -0.000595
0.943421 -0.509271 -0.508678 -0.000593
0.946566 -0.510112 -0.509520 -0.000592
0.949711 -0.510945 -0.510355 -0.000590
0.952855 -0.511770 -0.511182 -0.000588
0.956000 -0.512587 -0.512000 -0.000586
0.959145 -0.513396 -0.512811 -0.000585
0.962290 -0.514196 -0.513613 -0.000583
0.965434 -0.514989 -0.514408 -0.000581
0.968579 -0.515773 -0.515194 -0.000579
0.971724 -0.516550 -0.515972 -0.000577
0.974869 -0.517318 -0.516742 -0.000575
0.978013 -0.518078 -0.517504 -0.000574
0.981158 -0.518830 -0.518258 -0.000572
0.984303 -0.519573 -0.519003 -0.000570
0.987448 -0.520308 -0.519741 -0.000568
0.990592 -0.521035 -0.520470 -0.000566
0.993737 -0.521754 -0.521190 -0.000564
0.996882 -0.522465 -0.521903 -0.000562
1.000026 -0.523167 -0.522607 -0.000560
1.003171 -0.523861 -0.523303 -0.000558
1.006316 -0.524546 -0.523991 -0.000556
1.009461 -0.525224 -0.524670 -0.000554
1.012605 -0.525892 -0.525341 -0.000552
1.015750 -0.526553 -0.526003 -0.000550
1.018895 -0.527205 -0.526657 -0.000547
1.022040 -0.527848 -0.527303 -0.000545
1.025184 -0.528484 -0.527940 -0.000543
1.028329 -0.529110 -0.528569 -0.000541
1.031474 -0.529729 -0.529190 -0.000539
1.034619 -0.530338 -0.529802 -0.000537
1.037763 -0.530939 -0.530405 -0.000534
1.040908 -0.531532 -0.531000 -0.000532
1.044053 -0.532116 -0.531586 -0.000530
1.047198 -0.532692 -0.532164 -0.000528
1.050342 -0.533259 -0.532734 -0.000525
1.053487 -0.533818 -0.533295 -0.000523
1.056632 -0.534368 -0.533847 -0.000521
1.059777 -0.534909 -0.534390 -0.000519
1.062921 -0.535442 -0.534925 -0.000516
1.066066 -0.535966 -0.535452 -0.000514
1.069211 -0.536481 -0.535969 -0.000511
1.072355 -0.536988 -0.536479 -0.000509
1.075500 -0.537486 -0.536979 -0.000507
1.078645 -0.537975 -0.537471 -0.000504
1.081790 -0.538456 -0.537954 -0.000502
1.084934 -0.538927 -0.538428 -0.000499
1.088079 -0.539391 -0.538894 -0.000497
1.091224 -0.539845 -0.539350 -0.000495
1.094369 -0.540291 -0.539798 -0.000492
1.097513 -0.540727 -0.540238 -0.000490
1.100658 -0.541155 -0.540668 -0.000487
1.103803 -0.541575 -0.541090 -0.000485
1.106948 -0.541985 -0.541503 -0.000482
1.110092 -0.542386 -0.541907 -0.000479
1.113237 -0.542779 -0.542302 -0.000477
1.116382 -0.543163 -0.542688 -0.000474
1.119527 -0.543538 -0.543066 -0.000472
1.122671 -0.543904 -0.543435 -0.000469
1.125816 -0.544261 -0.543794 -0.000466
1.128961 -0.544609 -0.544145 -0.000464
1.132105 -0.544948 -0.544487 -0.000461
1.135250 -0.545278 -0.544820 -0.000459
1.138395 -0.545600 -0.545144 -0.000456
1.141540 -0.545912 -0.545459 -0.000453
1.144684 -0.546215 -0.545765 -0.000451
1.147829 -0.546510 -0.546062 -0.000448
1.150974 -0.546795 -0.546350 -0.000445
1.154119 -0.547071 -0.546629 -0.000442
1.157263 -0.547338 -0.546899 -0.000440
1.160408 -0.547597 -0.547160 -0.000437
1.163553 -0.547846 -0.547412 -0.000434
1.166698 -0.548086 -0.547654 -0.000431
1.169842 -0.548317 -0.547888 -0.000428
1.172987 -0.548539 -0.548113 -0.000426
1.176132 -0.548751 -0.548328 -0.000423
1.179277 -0.548955 -0.548535 -0.000420
1.182421 -0.549149 -0.548732 -0.000417
1.185566 -0.549335 -0.548920 -0.000414
1.188711 -0.549511 -0.549099 -0.000411
1.191855 -0.549678 -0.549269 -0.000409
1.195000 -0.549835 -0.549430 -0.000406
1.198145 -0.549984 -0.549581 -0.000403
1.201290 -0.550123 -0.549723 -0.000400
1.204434 -0.550253 -0.549856 -0.000397
1.207579 -0.550374 -0.549980 -0.000394
1.210724 -0.550486 -0.550095 -0.000391
1.213869 -0.550588 -0.550200 -0.000388
1.217013 -0.550681 -0.550296 -0.000385
1.220158 -0.550765 -0.550383 -0.000382
1.223303 -0.550840 -0.550461 -0.000379
1.226448 -0.550905 -0.550529 -0.000376
1.229592 -0.550961 -0.550588 -0.000373
1.232737 -0.551008 -0.550638 -0.000370
1.235882 -0.551045 -0.550678 -0.000367
1.239027 -0.551073 -0.550709 -0.000364
1.242171 -0.551092 -0.550731 -0.000361
1.245316 -0.551101 -0.550743 -0.000358
1.248461 -0.551101 -0.550746 -0.000355
1.251605 -0.551091 -0.550740 -0.000352
1.254750 -0.551072 -0.550724 -0.000349
1.257895 -0.551044 -0.550699 -0.000346
1.261040 -0.551006 -0.550664 -0.000342
1.264184 -0.550959 -0.550620 -0.000339
1.267329 -0.550903 -0.550567 -0.000336
1.270474 -0.550837 -0.550504 -0.000333
1.273619 -0.550761 -0.550431 -0.000330
1.276763 -0.550676 -0.550350 -0.000327
1.279908 -0.550582 -0.550259 -0.000324
1.283053 -0.550478 -0.550158 -0.000320
1.286198 -0.550365 -0.550048 -0.000317
1.289342 -0.550242 -0.549928 -0.000314
1.292487 -0.550110 -0.549799 -0.000311
1.295632 -0.549968 -0.549661 -0.000308
1.298777 -0.549817 -0.549512 -0.000304
1.301921 -0.549656 -0.549355 -0.000301
1.305066 -0.549486 -0.549188 -0.000298
1.308211 -0.549306 -0.549011 -0.000295
1.311355 -0.549116 -0.548825 -0.000291
1.314500 -0.548917 -0.548629 -0.000288
1.317645 -0.548709 -0.548424 -0.000285
1.320790 -0.548490 -0.548209 -0.000282
1.323934 -0.548263 -0.547984 -0.000278
1.327079 -0.548025 -0.547750 -0.000275
1.330224 -0.547778 -0.547507 -0.000272
1.333369 -0.547522 -0.547253 -0.000268
1.336513 -0.547256 -0.546991 -0.000265
1.339658 -0.546980 -0.546718 -0.000262
1.342803 -0.546694 -0.546436 -0.000258
1.345948 -0.546399 -0.546144 -0.000255
1.349092 -0.546095 -0.545843 -0.000252
1.352237 -0.545780 -0.545532 -0.000248
1.355382 -0.545456 -0.545211 -0.000245
1.358527 -0.545123 -0.544881 -0.000242
1.361671 -0.544780 -0.544541 -0.000238
1.364816 -0.544427 -0.544192 -0.000235
1.367961 -0.544064 -0.543832 -0.000231
1.371106 -0.543692 -0.543463 -0.000228
1.374250 -0.543309 -0.543085 -0.000225
1.377395 -0.542918 -0.542696 -0.000221
1.380540 -0.542516 -0.542298 -0.000218
1.383684 -0.542105 -0.541891 -0.000214
1.386829 -0.541684 -0.541473 -0.000211
1.389974 -0.541254 -0.541046 -0.000208
1.393119 -0.540813 -0.540609 -0.000204
1.396263 -0.540363 -0.540163 -0.000201
1.399408 -0.539904 -0.539706 -0.000197
1.402553 -0.539434 -0.539240 -0.000194
1.405698 -0.538955 -0.538764 -0.000190
1.408842 -0.538466 -0.538279 -0.000187
1.411987 -0.537967 -0.537783 -0.000183
1.415132 -0.537458 -0.537278 -0.000180
1.418277 -0.536940 -0.536763 -0.000177
1.421421 -0.536412 -0.536239 -0.000173
1.424566 -0.535874 -0.535704 -0.000170
1.427711 -0.535326 -0.535160 -0.000166
1.430856 -0.534769 -0.534606 -0.000163
1.434000 -0.534202 -0.534042 -0.000159
1.437145 -0.533624 -0.533469 -0.000156
1.440290 -0.533038 -0.532886 -0.000152
1.443434 -0.532441 -0.532292 -0.000149
1.446579 -0.531835 -0.531689 -0.000145
1.449724 -0.531218 -0.531077 -0.000142
1.452869 -0.530592 -0.530454 -0.000138
1.456013 -0.529956 -0.529822 -0.000134
1.459158 -0.529310 -0.529180 -0.000131
1.462303 -0.528655 -0.528527 -0.000127
1.465448 -0.527989 -0.527866 -0.000124
1.468592 -0.527314 -0.527194 -0.000120
1.471737 -0.526629 -0.526512 -0.000117
1.474882 -0.525934 -0.525821 -0.000113
1.478027 -0.525230 -0.525120 -0.000110
1.481171 -0.524515 -0.524409 -0.000106
1.484316 -0.523790 -0.523688 -0.000103
1.487461 -0.523056 -0.522957 -0.000099
1.490606 -0.522312 -0.522216 -0.000095
1.493750 -0.521558 -0.521466 -0.000092
1.496895 -0.520794 -0.520706 -0.000088
1.500040 -0.520020 -0.519936 -0.000085
1.503184 -0.519237 -0.519155 -0.000081
1.506329 -0.518443 -0.518366 -0.000078
1.509474 -0.517640 -0.517566 -0.000074
1.512619 -0.516827 -0.516756 -0.000070
1.515763 -0.516004 -0.515937 -0.000067
1.518908 -0.515171 -0.515107 -0.000063
1.522053 -0.514328 -0.514268 -0.000060
1.525198 -0.513475 -0.513419 -0.000056
1.528342 -0.512612 -0.512560 -0.000053
1.531487 -0.511740 -0.511691 -0.000049
1.534632 -0.510858 -0.510812 -0.000045
1.537777 -0.509965 -0.509924 -0.000042
1.540921 -0.509063 -0.509025 -0.000038
1.544066 -0.508151 -0.508117 -0.000035
1.547211 -0.507229 -0.507198 -0.000031
1.550356 -0.506298 -0.506270 -0.000027
1.553500 -0.505356 -0.505332 -0.000024
1.556645 -0.504404 -0.504384 -0.000020
1.559790 -0.503443 -0.503426 -0.000017
1.562934 -0.502472 -0.502458 -0.000013
1.566079 -0.501490 -0.501481 -0.000010
1.569224 -0.500499 -0.500493 -0.000006
1.572369 -0.499498 -0.499496 -0.000002
1.575513 -0.498487 -0.498489 0.000001
1.578658 -0.497467 -0.497471 0.000005
1.581803 -0.496436 -0.496444 0.000008
1.584948 -0.495395 -0.495407 0.000012
1.588092 -0.494345 -0.494361 0.000016
1.591237 -0.493285 -0.493304 0.000019
1.594382 -0.492214 -0.492237 0.000023
1.597527 -0.491134 -0.491161 0.000026
1.600671 -0.490044 -0.490074 0.000030
1.603816 -0.488944 -0.488978 0.000034
1.606961 -0.487835 -0.487872 0.000037
1.610106 -0.486715 -0.486756 0.000041
1.613250 -0.485585 -0.485630 0.000044
1.616395 -0.484446 -0.484494 0.000048
1.619540 -0.483297 -0.483348 0.000052
1.622684 -0.482138 -0.482193 0.000055
1.625829 -0.480969 -0.481027 0.000059
1.628974 -0.479790 -0.479852 0.000062
1.632119 -0.478601 -0.478667 0.000066
1.635263 -0.477402 -0.477472 0.000069
1.638408 -0.476194 -0.476267 0.000073
1.641553 -0.474975 -0.475052 0.000077
1.644698 -0.473747 -0.473827 0.000080
1.647842 -0.472509 -0.472593 0.000084
1.650987 -0.471261 -0.471348 0.000087
1.654132 -0.470003 -0.470094 0.000091
1.657277 -0.468735 -0.468830 0.000094
1.660421 -0.467458 -0.467556 0.000098
1.663566 -0.466170 -0.466272 0.000101
1.666711 -0.464873 -0.464978 0.000105
1.669856 -0.463566 -0.463675 0.000109
1.673000 -0.462249 -0.462361 0.000112
1.676145 -0.460922 -0.461038 0.000116
1.679290 -0.459586 -0.459705 0.000119
1.682435 -0.458239 -0.458362 0.000123
1.685579 -0.456883 -0.457009 0.000126
1.688724 -0.455517 -0.455647 0.000130
1.691869 -0.454141 -0.454274 0.000133
1.695013 -0.452755 -0.452892 0.000137
1.698158 -0.451360 -0.451500 0.000140
1.701303 -0.449955 -0.450098 0.000144
1.704448 -0.448539 -0.448687 0.000147
1.707592 -0.447114 -0.447265 0.000151
1.710737 -0.445680 -0.445834 0.000154
1.713882 -0.444235 -0.444393 0.000158
1.717027 -0.442781 -0.442942 0.000161
1.720171 -0.441317 -0.441482 0.000165
1.723316 -0.439843 -0.440011 0.000168
1.726461 -0.438359 -0.438531 0.000172
1.729606 -0.436866 -0.437041 0.000175
1.732750 -0.435363 -0.435541 0.000179
1.735895 -0.433850 -0.434032 0.000182
1.739040 -0.432327 -0.432513 0.000186
1.742185 -0.430794 -0.430984 0.000189
1.745329 -0.429252 -0.429445 0.000193
1.748474 -0.427700 -0.427896 0.000196
1.751619 -0.426139 -0.426338 0.000199
1.754763 -0.424567 -0.424770 0.000203
1.757908 -0.422986 -0.423192 0.000206
1.761053 -0.421395 -0.421605 0.000210
1.764198 -0.419795 -0.420008 0.000213
1.767342 -0.418184 -0.418401 0.000217
1.770487 -0.416564 -0.416784 0.000220
1.773632 -0.414935 -0.415158 0.000223
1.776777 -0.413295 -0.413522 0.000227
1.779921 -0.411646 -0.411877 0.000230
1.783066 -0.409988 -0.410221 0.000234
1.786211 -0.408319 -0.408556 0.000237
1.789356 -0.406641 -0.406882 0.000240
1.792500 -0.404954 -0.405197 0.000244
1.795645 -0.403256 -0.403503 0.000247
1.798790 -0.401549 -0.401800 0.000250
1.801935 -0.399833 -0.400086 0.000254
1.805079 -0.398106 -0.398363 0.000257
1.808224 -0.396371 -0.396631 0.000260
1.811369 -0.394625 -0.394889 0.000264
1.814513 -0.392870 -0.393137 0.000267
1.817658 -0.391105 -0.391376 0.000270
1.820803 -0.389331 -0.389605 0.000274
1.823948 -0.387547 -0.387824 0.000277
1.827092 -0.385754 -0.386034 0.000280
1.830237 -0.383951 -0.384234 0.000283
1.833382 -0.382138 -0.382425 0.000287
1.836527 -0.380316 -0.380606 0.000290
1.839671 -0.378485 -0.378778 0.000293
1.842816 -0.376644 -0.376940 0.000296
1.845961 -0.374793 -0.375093 0.000300
1.849106 -0.372933 -0.373236 0.000303
1.852250 -0.371063 -0.371369 0.000306
1.855395 -0.369184 -0.369493 0.000309
1.858540 -0.367295 -0.367608 0.000312
1.861685 -0.365397 -0.365713 0.000316
1.864829 -0.363489 -0.363808 0.000319
1.867974 -0.361572 -0.361894 0.000322
1.871119 -0.359646 -0.359971 0.000325
1.874263 -0.357710 -0.358038 0.000328
1.877408 -0.355764 -0.356095 0.000331
1.880553 -0.353809 -0.354144 0.000335
1.883698 -0.351845 -0.352183 0.000338
1.886842 -0.349871 -0.350212 0.000341
1.889987 -0.347888 -0.348232 0.000344
1.893132 -0.345896 -0.346243 0.000347
1.896277 -0.343894 -0.344244 0.000350
1.899421 -0.341882 -0.342236 0.000353
1.902566 -0.339862 -0.340218 0.000356
1.905711 -0.337832 -0.338191 0.000359
1.908856 -0.335792 -0.336155 0.000362
1.912000 -0.333744 -0.334109 0.000365
1.915145 -0.331686 -0.332054 0.000368
1.918290 -0.329619 -0.329990 0.000371
1.921435 -0.327542 -0.327916 0.000374
1.924579 -0.325456 -0.325834 0.000377
1.927724 -0.323361 -0.323741 0.000380
1.930869 -0.321257 -0.321640 0.000383
1.934013 -0.319143 -0.319529 0.000386
1.937158 -0.317020 -0.317409 0.000389
1.940303 -0.314888 -0.315280 0.000392
1.943448 -0.312747 -0.313142 0.000395
1.946592 -0.310596 -0.310994 0.000398
1.949737 -0.308436 -0.308837 0.000401
1.952882 -0.306267 -0.306671 0.000404
1.956027 -0.304089 -0.304496 0.000407
1.959171 -0.301902 -0.302312 0.000410
1.962316 -0.299706 -0.300118 0.000412
1.965461 -0.297500 -0.297915 0.000415
1.968606 -0.295285 -0.295703 0.000418
1.971750 -0.293061 -0.293482 0.000421
1.974895 -0.290829 -0.291252 0.000424
1.978040 -0.288586 -0.289013 0.000426
1.981185 -0.286335 -0.286765 0.000429
1.984329 -0.284075 -0.284507 0.000432
1.987474 -0.281806 -0.282241 0.000435
1.990619 -0.279528 -0.279965 0.000438
1.993764 -0.277240 -0.277681 0.000440
1.996908 -0.274944 -0.275387 0.000443
2.000053 -0.272639 -0.273084 0.000446
2.003198 -0.270324 -0.270773 0.000448
2.006342 -0.268001 -0.268452 0.000451
2.009487 -0.265669 -0.266123 0.000454
2.012632 -0.263328 -0.263784 0.000456
2.015777 -0.260977 -0.261437 0.000459
2.018921 -0.258618 -0.259080 0.000462
2.022066 -0.256250 -0.256715 0.000464
2.025211 -0.253874 -0.254340 0.000467
2.028356 -0.251488 -0.251957 0.000469
2.031500 -0.249093 -0.249565 0.000472
2.034645 -0.246690 -0.247164 0.000475
2.037790 -0.244277 -0.244754 0.000477
2.040935 -0.241856 -0.242336 0.000480
2.044079 -0.239426 -0.239908 0.000482
2.047224 -0.236987 -0.237472 0.000485
2.050369 -0.234540 -0.235027 0.000487
2.053514 -0.232083 -0.232573 0.000490
2.056658 -0.229618 -0.230110 0.000492
2.059803 -0.227144 -0.227639 0.000495
2.062948 -0.224662 -0.225159 0.000497
2.066092 -0.222170 -0.222670 0.000499
2.069237 -0.219670 -0.220172 0.000502
2.072382 -0.217162 -0.217666 0.000504
2.075527 -0.214644 -0.215151 0.000507
2.078671 -0.212118 -0.212627 0.000509
2.081816 -0.209584 -0.210095 0.000511
2.084961 -0.207040 -0.207554 0.000514
2.088106 -0.204488 -0.205004 0.000516
2.091250 -0.201928 -0.202446 0.000518
2.094395 -0.199359 -0.199879 0.000521
2.097540 -0.196781 -0.197304 0.000523
2.100685 -0.194195 -0.194720 0.000525
2.103829 -0.191600 -0.192127 0.000527
2.106974 -0.188997 -0.189526 0.000530
2.110119 -0.186385 -0.186917 0.000532
2.113264 -0.183765 -0.184299 0.000534
2.116408 -0.181136 -0.181672 0.000536
2.119553 -0.178499 -0.179037 0.000538
2.122698 -0.175853 -0.176394 0.000540
2.125842 -0.173199 -0.173742 0.000543
2.128987 -0.170537 -0.171082 0.000545
2.132132 -0.167866 -0.168413 0.000547
2.135277 -0.165187 -0.165736 0.000549
2.138421 -0.162499 -0.163050 0.000551
2.141566 -0.159804 -0.160357 0.000553
2.144711 -0.157099 -0.157654 0.000555
2.147856 -0.154387 -0.154944 0.000557
2.151000 -0.151666 -0.152225 0.000559
2.154145 -0.148937 -0.149498 0.000561
2.157290 -0.146200 -0.146763 0.000563
2.160435 -0.143454 -0.144019 0.000565
2.163579 -0.140700 -0.141267 0.000567
2.166724 -0.137938 -0.138507 0.000569
2.169869 -0.135168 -0.135739 0.000570
2.173014 -0.132390 -0.132962 0.000572
2.176158 -0.129603 -0.130178 0.000574
2.179303 -0.126809 -0.127385 0.000576
2.182448 -0.124006 -0.124584 0.000578
2.185592 -0.121195 -0.121775 0.000580
2.188737 -0.118376 -0.118958 0.000581
2.191882 -0.115549 -0.116133 0.000583
2.195027 -0.112714 -0.113299 0.000585
2.198171 -0.109871 -0.110458 0.000587
2.201316 -0.107020 -0.107609 0.000588
2.204461 -0.104161 -0.104752 0.000590
2.207606 -0.101294 -0.101886 0.000592
2.210750 -0.098419 -0.099013 0.000593
2.213895 -0.095537 -0.096132 0.000595
2.217040 -0.092646 -0.093242 0.000597
2.220185 -0.089747 -0.090345 0.000598
2.223329 -0.086841 -0.087440 0.000600
2.226474 -0.083926 -0.084528 0.000601
2.229619 -0.081004 -0.081607 0.000603
2.232764 -0.078074 -0.078678 0.000604
2.235908 -0.075136 -0.075742 0.000606
2.239053 -0.072190 -0.072798 0.000607
2.242198 -0.069237 -0.069846 0.000609
2.245342 -0.066276 -0.066886 0.000610
2.248487 -0.063307 -0.063919 0.000612
2.251632 -0.060330 -0.060943 0.000613
2.254777 -0.057346 -0.057961 0.000615
2.257921 -0.054354 -0.054970 0.000616
2.261066 -0.051354 -0.051972 0.000617
2.264211 -0.048347 -0.048966 0.000619
2.267356 -0.045332 -0.045952 0.000620
2.270500 -0.042310 -0.042931 0.000621
2.273645 -0.039280 -0.039903 0.000622
2.276790 -0.036243 -0.036866 0.000624
2.279935 -0.033198 -0.033823 0.000625
2.283079 -0.030145 -0.030771 0.000626
2.286224 -0.027085 -0.027712 0.000627
2.289369 -0.024018 -0.024646 0.000629
2.292514 -0.020943 -0.021572 0.000630
2.295658 -0.017860 -0.018491 0.000631
2.298803 -0.014770 -0.015402 0.000632
2.301948 -0.011673 -0.012306 0.000633
2.305093 -0.008569 -0.009203 0.000634
2.308237 -0.005457 -0.006092 0.000635
2.311382 -0.002338 -0.002974 0.000636
2.314527 0.000789 0.000152 0.000637
2.317671 0.003922 0.003284 0.000638
2.320816 0.007063 0.006424 0.000639
2.323961 0.010212 0.009572 0.000640
2.327106 0.013367 0.012726 0.000641
2.330250 0.016530 0.015888 0.000642
2.333395 0.019700 0.019057 0.000643
2.336540 0.022877 0.022233 0.000644
2.339685 0.026061 0.025416 0.000644
2.342829 0.029252 0.028607 0.000645
2.345974 0.032450 0.031804 0.000646
2.349119 0.035655 0.035009 0.000647
2.352264 0.038868 0.038220 0.000647
2.355408 0.042087 0.041439 0.000648
2.358553 0.045314 0.044665 0.000649
2.361698 0.048547 0.047897 0.000650
2.364843 0.051787 0.051137 0.000650
2.367987 0.055035 0.054384 0.000651
2.371132 0.058289 0.057637 0.000651
2.374277 0.061550 0.060898 0.000652
2.377421 0.064818 0.064165 0.000653
2.380566 0.068093 0.067439 0.000653
2.383711 0.071374 0.070721 0.000654
2.386856 0.074663 0.074008 0.000654
2.390000 0.077958 0.077303 0.000655
2.393145 0.081260 0.080605 0.000655
2.396290 0.084568 0.083913 0.000656
2.399435 0.087884 0.087228 0.000656
2.402579 0.091206 0.090549 0.000656
2.405724 0.094535 0.093878 0.000657
2.408869 0.097870 0.097213 0.000657
2.412014 0.101212 0.100554 0.000657
2.415158 0.104560 0.103903 0.000658
2.418303 0.107916 0.107258 0.000658
2.421448 0.111277 0.110619 0.000658
2.424593 0.114645 0.113987 0.000658
2.427737 0.118020 0.117361 0.000659
2.430882 0.121401 0.120742 0.000659
2.434027 0.124789 0.124130 0.000659
2.437171 0.128183 0.127524 0.000659
2.440316 0.131583 0.130924 0.000659
2.443461 0.134990 0.134331 0.000659
2.446606 0.138403 0.137744 0.000659
2.449750 0.141823 0.141163 0.000659
2.452895 0.145249 0.144589 0.000659
2.456040 0.148681 0.148021 0.000659
2.459185 0.152119 0.151460 0.000659
2.462329 0.155564 0.154905 0.000659
2.465474 0.159015 0.158355 0.000659
2.468619 0.162472 0.161813 0.000659
2.471764 0.165935 0.165276 0.000659
2.474908 0.169404 0.168745 0.000659
2.478053 0.172880 0.172221 0.000659
2.481198 0.176361 0.175703 0.000658
2.484343 0.179849 0.179190 0.000658
2.487487 0.183342 0.182684 0.000658
2.490632 0.186842 0.186184 0.000658
2.493777 0.190348 0.189690 0.000657
2.496921 0.193859 0.193202 0.000657
2.500066 0.197377 0.196720 0.000657
2.503211 0.200900 0.200244 0.000656
2.506356 0.204430 0.203774 0.000656
2.509500 0.207965 0.207309 0.000655
2.512645 0.211506 0.210851 0.000655
2.515790 0.215053 0.214398 0.000654
2.518935 0.218605 0.217951 0.000654
2.522079 0.222164 0.221510 0.000653
2.525224 0.225728 0.225075 0.000653
2.528369 0.229298 0.228646 0.000652
2.531514 0.232874 0.232222 0.000652
2.534658 0.236455 0.235804 0.000651
2.537803 0.240042 0.239391 0.000650
2.540948 0.243634 0.242984 0.000650
2.544093 0.247232 0.246583 0.000649
2.547237 0.250836 0.250188 0.000648
2.550382 0.254445 0.253798 0.000648
2.553527 0.258060 0.257413 0.000647
2.556671 0.261680 0.261034 0.000646
2.559816 0.265306 0.264661 0.000645
2.562961 0.268937 0.268293 0.000644
2.566106 0.272573 0.271930 0.000643
2.569250 0.276215 0.275573 0.000642
2.572395 0.279863 0.279221 0.000641
2.575540 0.283515 0.282875 0.000641
2.578685 0.287173 0.286534 0.000640
2.581829 0.290836 0.290198 0.000639
2.584974 0.294505 0.293867 0.000637
2.588119 0.298178 0.297542 0.000636
2.591264 0.301857 0.301222 0.000635
2.594408 0.305541 0.304907 0.000634
2.597553 0.309230 0.308597 0.000633
2.600698 0.312925 0.312293 0.000632
2.603843 0.316624 0.315993 0.000631
2.606987 0.320328 0.319699 0.000629
2.610132 0.324038 0.323410 0.000628
2.613277 0.327752 0.327125 0.000627
2.616422 0.331472 0.330846 0.000626
2.619566 0.335196 0.334572 0.000624
2.622711 0.338926 0.338303 0.000623
2.625856 0.342660 0.342038 0.000621
2.629000 0.346399 0.345779 0.000620
2.632145 0.350143 0.349524 0.000619
2.635290 0.353892 0.353275 0.000617
2.638435 0.357645 0.357030 0.000616
2.641579 0.361404 0.360790 0.000614
2.644724 0.365167 0.364554 0.000613
2.647869 0.368935 0.368324 0.000611
2.651014 0.372707 0.372098 0.000609
2.654158 0.376484 0.375877 0.000608
2.657303 0.380266 0.379660 0.000606
2.660448 0.384053 0.383448 0.000604
2.663593 0.387844 0.387241 0.000603
2.666737 0.391639 0.391038 0.000601
2.669882 0.395439 0.394840 0.000599
2.673027 0.399244 0.398646 0.000597
2.676172 0.403053 0.402457 0.000595
2.679316 0.406866 0.406273 0.000594
2.682461 0.410684 0.410092 0.000592
2.685606 0.414506 0.413916 0.000590
2.688750 0.418333 0.417745 0.000588
2.691895 0.422164 0.421578 0.000586
2.695040 0.425999 0.425415 0.000584
2.698185 0.429839 0.429257 0.000582
2.701329 0.433682 0.433102 0.000580
2.704474 0.437530 0.436953 0.000578
2.707619 0.441382 0.440807 0.000576
2.710764 0.445239 0.444665 0.000573
2.713908 0.449099 0.448528 0.000571
2.717053 0.452964 0.452395 0.000569
2.720198 0.456832 0.456265 0.000567
2.723343 0.460705 0.460140 0.000565
2.726487 0.464582 0.464019 0.000562
2.729632 0.468462 0.467902 0.000560
2.732777 0.472347 0.471789 0.000558
2.735922 0.476235 0.475680 0.000555
2.739066 0.480128 0.479575 0.000553
2.742211 0.484024 0.483474 0.000550
2.745356 0.487924 0.487376 0.000548
2.748500 0.491828 0.491283 0.000546
2.751645 0.495736 0.495193 0.000543
2.754790 0.499648 0.499107 0.000540
2.757935 0.503563 0.503025 0.000538
2.761079 0.507482 0.506947 0.000535
2.764224 0.511404 0.510872 0.000533
2.767369 0.515331 0.514801 0.000530
2.770514 0.519261 0.518733 0.000527
2.773658 0.523194 0.522670 0.000525
2.776803 0.527131 0.526609 0.000522
2.779948 0.531072 0.530553 0.000519
2.783093 0.535016 0.534499 0.000516
2.786237 0.538963 0.538450 0.000514
2.789382 0.542914 0.542404 0.000511
2.792527 0.546869 0.546361 0.000508
2.795672 0.550827 0.550322 0.000505
2.798816 0.554788 0.554286 0.000502
2.801961 0.558752 0.558253 0.000499
2.805106 0.562720 0.562224 0.000496
2.808250 0.566691 0.566198 0.000493
2.811395 0.570665 0.570175 0.000490
2.814540 0.574643 0.574156 0.000487
2.817685 0.578623 0.578140 0.000484
2.820829 0.582607 0.582126 0.000480
2.823974 0.586594 0.586117 0.000477
2.827119 0.590584 0.590110 0.000474
2.830264 0.594577 0.594106 0.000471
2.833408 0.598573 0.598105 0.000468
2.836553 0.602572 0.602108 0.000464
2.839698 0.606574 0.606113 0.000461
2.842843 0.610579 0.610121 0.000458
2.845987 0.614587 0.614133 0.000454
2.849132 0.618598 0.618147 0.000451
2.852277 0.622611 0.622164 0.000447
2.855422 0.626628 0.626184 0.000444
2.858566 0.630647 0.630207 0.000440
2.861711 0.634669 0.634232 0.000437
2.864856 0.638694 0.638261 0.000433
2.868001 0.642721 0.642292 0.000430
2.871145 0.646751 0.646325 0.000426
2.874290 0.650784 0.650362 0.000422
2.877435 0.654819 0.654401 0.000419
2.880579 0.658857 0.658442 0.000415
2.883724 0.662898 0.662487 0.000411
2.886869 0.666941 0.666533 0.000407
2.890014 0.670986 0.670583 0.000404
2.893158 0.675034 0.674635 0.000400
2.896303 0.679085 0.678689 0.000396
2.899448 0.683138 0.682745 0.000392
2.902593 0.687193 0.686805 0.000388
2.905737 0.691250 0.690866 0.000384
2.908882 0.695310 0.694930 0.000380
2.912027 0.699372 0.698996 0.000376
2.915172 0.703437 0.703064 0.000372
2.918316 0.707503 0.707135 0.000368
2.921461 0.711572 0.711208 0.000364
2.924606 0.715643 0.715283 0.000360
2.927751 0.719716 0.719360 0.000356
2.930895 0.723791 0.723440 0.000351
2.934040 0.727868 0.727521 0.000347
2.937185 0.731947 0.731605 0.000343
2.940329 0.736029 0.735690 0.000339
2.943474 0.740112 0.739778 0.000334
2.946619 0.744197 0.743867 0.000330
2.949764 0.748284 0.747959 0.000326
2.952908 0.752373 0.752052 0.000321
2.956053 0.756464 0.756147 0.000317
2.959198 0.760557 0.760245 0.000312
2.962343 0.764651 0.764344 0.000308
2.965487 0.768748 0.768444 0.000303
2.968632 0.772845 0.772547 0.000299
2.971777 0.776945 0.776651 0.000294
2.974922 0.781046 0.780757 0.000289
2.978066 0.785149 0.784865 0.000285
2.981211 0.789254 0.788974 0.000280
2.984356 0.793360 0.793085 0.000275
2.987501 0.797468 0.797197 0.000271
2.990645 0.801577 0.801311 0.000266
2.993790 0.805688 0.805427 0.000261
2.996935 0.809800 0.809544 0.000256
3.000079 0.813914 0.813662 0.000251
3.003224 0.818029 0.817782 0.000246
3.006369 0.822145 0.821904 0.000241
3.009514 0.826263 0.826026 0.000236
3.012658 0.830382 0.830150 0.000231
3.015803 0.834502 0.834275 0.000226
3.018948 0.838623 0.838402 0.000221
3.022093 0.842746 0.842530 0.000216
3.025237 0.846870 0.846659 0.000211
3.028382 0.850995 0.850789 0.000206
3.031527 0.855121 0.854920 0.000201
3.034672 0.859249 0.859053 0.000196
3.037816 0.863377 0.863186 0.000190
3.040961 0.867506 0.867321 0.000185
3.044106 0.871636 0.871457 0.000180
3.047251 0.875768 0.875593 0.000175
3.050395 0.879900 0.879731 0.000169
3.053540 0.884033 0.883869 0.000164
3.056685 0.888167 0.888009 0.000158
3.059829 0.892302 0.892149 0.000153
3.062974 0.896438 0.896290 0.000147
3.066119 0.900574 0.900432 0.000142
3.069264 0.904711 0.904575 0.000136
3.072408 0.908849 0.908718 0.000131
3.075553 0.912987 0.912862 0.000125
3.078698 0.917127 0.917007 0.000119
3.081843 0.921267 0.921153 0.000114
3.084987 0.925407 0.925299 0.000108
3.088132 0.929548 0.929446 0.000102
3.091277 0.933689 0.933593 0.000097
3.094422 0.937831 0.937741 0.000091
3.097566 0.941974 0.941889 0.000085
3.100711 0.946117 0.946038 0.000079
3.103856 0.950260 0.950187 0.000073
3.107001 0.954404 0.954337 0.000067
3.110145 0.958548 0.958487 0.000061
3.113290 0.962692 0.962637 0.000055
3.116435 0.966837 0.966787 0.000049
3.119579 0.970982 0.970938 0.000043
3.122724 0.975127 0.975090 0.000037
3.125869 0.979272 0.979241 0.000031
3.129014 0.983417 0.983392 0.000025
3.132158 0.987563 0.987544 0.000019
3.135303 0.991709 0.991696 0.000013
3.138448 0.995854 0.995848 0.000006
3.141593 1.000000 1.000000 0.000000
