0.000000 0.000000 0.000000 -0.000000
0.003145 0.003155 0.003155 -0.000000
0.006289 0.006329 0.006329 -0.000000
0.009434 0.009524 0.009524 -0.000000
0.012579 0.012738 0.012738 -0.000000
0.015724 0.015973 0.015973 -0.000000
0.018868 0.019228 0.019228 -0.000000
0.022013 0.022503 0.022503 -0.000000
0.025158 0.025799 0.025799 -0.000000
0.028303 0.029115 0.029115 -0.000000
0.031447 0.032452 0.032452 -0.000000
0.034592 0.035810 0.035810 -0.000000
0.037737 0.039188 0.039189 -0.000000
0.040882 0.042588 0.042588 -0.000000
0.044026 0.046008 0.046008 -0.000001
0.047171 0.049449 0.049450 -0.000001
0.050316 0.052912 0.052913 -0.000001
0.053461 0.056396 0.056397 -0.000001
0.056605 0.059902 0.059903 -0.000001
0.059750 0.063429 0.063430 -0.000001
0.062895 0.066978 0.066978 -0.000001
0.066039 0.070548 0.070549 -0.000001
0.069184 0.074140 0.074141 -0.000001
0.072329 0.077754 0.077755 -0.000001
0.075474 0.081390 0.081391 -0.000001
0.078618 0.085049 0.085050 -0.000001
0.081763 0.088729 0.088730 -0.000001
0.084908 0.092432 0.092433 -0.000001
0.088053 0.096158 0.096159 -0.000001
0.091197 0.099905 0.099906 -0.000001
0.094342 0.103676 0.103677 -0.000001
0.097487 0.107469 0.107470 -0.000001
0.100632 0.111285 0.111287 -0.000001
0.103776 0.115125 0.115126 -0.000001
0.106921 0.118987 0.118988 -0.000001
0.110066 0.122872 0.122873 -0.000001
0.113211 0.126781 0.126782 -0.000001
0.116355 0.130713 0.130714 -0.000001
0.119500 0.134669 0.134670 -0.000001
0.122645 0.138648 0.138649 -0.000001
0.125789 0.142651 0.142652 -0.000001
0.128934 0.146678 0.146679 -0.000001
0.132079 0.150728 0.150730 -0.000002
0.135224 0.154803 0.154805 -0.000002
0.138368 0.158902 0.158904 -0.000002
0.141513 0.163025 0.163027 -0.000002
0.144658 0.167173 0.167175 -0.000002
0.147803 0.171345 0.171347 -0.000002
0.150947 0.175542 0.175544 -0.000002
0.154092 0.179764 0.179765 -0.000002
0.157237 0.184010 0.184012 -0.000002
0.160382 0.188281 0.188283 -0.000002
0.163526 0.192578 0.192580 -0.000002
0.166671 0.196899 0.196901 -0.000002
0.169816 0.201246 0.201248 -0.000002
0.172961 0.205619 0.205621 -0.000002
0.176105 0.210017 0.210019 -0.000002
0.179250 0.214440 0.214442 -0.000002
0.182395 0.218890 0.218892 -0.000002
0.185540 0.223365 0.223367 -0.000002
0.188684 0.227866 0.227868 -0.000002
0.191829 0.232394 0.232396 -0.000002
0.194974 0.236947 0.236950 -0.000002
0.198118 0.241528 0.241530 -0.000002
0.201263 0.246134 0.246136 -0.000002
0.204408 0.250767 0.250770 -0.000002
0.207553 0.255427 0.255430 -0.000002
0.210697 0.260114 0.260117 -0.000002
0.213842 0.264828 0.264830 -0.000002
0.216987 0.269569 0.269571 -0.000002
0.220132 0.274337 0.274340 -0.000003
0.223276 0.279133 0.279135 -0.000003
0.226421 0.283956 0.283958 -0.000003
0.229566 0.288806 0.288809 -0.000003
0.232711 0.293684 0.293687 -0.000003
0.235855 0.298591 0.298593 -0.000003
0.239000 0.303525 0.303528 -0.000003
0.242145 0.308487 0.308490 -0.000003
0.245290 0.313478 0.313481 -0.000003
0.248434 0.318497 0.318500 -0.000003
0.251579 0.323544 0.323547 -0.000003
0.254724 0.328620 0.328623 -0.000003
0.257868 0.333725 0.333728 -0.000003
0.261013 0.338859 0.338862 -0.000003
0.264158 0.344022 0.344025 -0.000003
0.267303 0.349214 0.349217 -0.000003
0.270447 0.354435 0.354438 -0.000003
0.273592 0.359686 0.359689 -0.000003
0.276737 0.364966 0.364969 -0.000003
0.279882 0.370276 0.370279 -0.000003
0.283026 0.375616 0.375619 -0.000003
0.286171 0.380985 0.380989 -0.000003
0.289316 0.386385 0.386388 -0.000003
0.292461 0.391815 0.391819 -0.000003
0.295605 0.397276 0.397279 -0.000003
0.298750 0.402767 0.402770 -0.000003
0.301895 0.408288 0.408292 -0.000003
0.305040 0.413841 0.413844 -0.000003
0.308184 0.419424 0.419427 -0.000003
0.311329 0.425038 0.425042 -0.000004
0.314474 0.430684 0.430687 -0.000004
0.317618 0.436361 0.436364 -0.000004
0.320763 0.442069 0.442073 -0.000004
0.323908 0.447809 0.447813 -0.000004
0.327053 0.453581 0.453585 -0.000004
0.330197 0.459385 0.459389 -0.000004
0.333342 0.465221 0.465224 -0.000004
0.336487 0.471089 0.471092 -0.000004
0.339632 0.476989 0.476993 -0.000004
0.342776 0.482922 0.482926 -0.000004
0.345921 0.488887 0.488891 -0.000004
0.349066 0.494886 0.494889 -0.000004
0.352211 0.500917 0.500921 -0.000004
0.355355 0.506981 0.506985 -0.000004
0.358500 0.513079 0.513083 -0.000004
0.361645 0.519209 0.519213 -0.000004
0.364790 0.525374 0.525378 -0.000004
0.367934 0.531572 0.531576 -0.000004
0.371079 0.537804 0.537808 -0.000004
0.374224 0.544070 0.544074 -0.000004
0.377368 0.550370 0.550374 -0.000004
0.380513 0.556704 0.556709 -0.000004
0.383658 0.563073 0.563077 -0.000004
0.386803 0.569476 0.569481 -0.000004
0.389947 0.575915 0.575919 -0.000004
0.393092 0.582388 0.582392 -0.000004
0.396237 0.588896 0.588900 -0.000004
0.399382 0.595439 0.595444 -0.000004
0.402526 0.602018 0.602022 -0.000005
0.405671 0.608632 0.608637 -0.000005
0.408816 0.615282 0.615287 -0.000005
0.411961 0.621968 0.621972 -0.000005
0.415105 0.628690 0.628694 -0.000005
0.418250 0.635448 0.635452 -0.000005
0.421395 0.642242 0.642247 -0.000005
0.424540 0.649073 0.649077 -0.000005
0.427684 0.655940 0.655945 -0.000005
0.430829 0.662844 0.662849 -0.000005
0.433974 0.669786 0.669791 -0.000005
0.437118 0.676764 0.676769 -0.000005
0.440263 0.683780 0.683785 -0.000005
0.443408 0.690833 0.690838 -0.000005
0.446553 0.697924 0.697929 -0.000005
0.449697 0.705053 0.705058 -0.000005
0.452842 0.712219 0.712224 -0.000005
0.455987 0.719424 0.719429 -0.000005
0.459132 0.726667 0.726672 -0.000005
0.462276 0.733949 0.733954 -0.000005
0.465421 0.741269 0.741274 -0.000005
0.468566 0.748628 0.748634 -0.000005
0.471711 0.756026 0.756032 -0.000005
0.474855 0.763464 0.763469 -0.000005
0.478000 0.770940 0.770946 -0.000005
0.481145 0.778457 0.778462 -0.000005
0.484290 0.786012 0.786018 -0.000005
0.487434 0.793608 0.793614 -0.000005
0.490579 0.801244 0.801249 -0.000005
0.493724 0.808920 0.808925 -0.000006
0.496869 0.816636 0.816642 -0.000006
0.500013 0.824393 0.824399 -0.000006
0.503158 0.832191 0.832197 -0.000006
0.506303 0.840030 0.840036 -0.000006
0.509447 0.847910 0.847915 -0.000006
0.512592 0.855831 0.855837 -0.000006
0.515737 0.863794 0.863799 -0.000006
0.518882 0.871798 0.871804 -0.000006
0.522026 0.879844 0.879850 -0.000006
0.525171 0.887932 0.887938 -0.000006
0.528316 0.896063 0.896068 -0.000006
0.531461 0.904235 0.904241 -0.000006
0.534605 0.912451 0.912457 -0.000006
0.537750 0.920709 0.920715 -0.000006
0.540895 0.929010 0.929016 -0.000006
0.544040 0.937355 0.937361 -0.000006
0.547184 0.945742 0.945748 -0.000006
0.550329 0.954173 0.954180 -0.000006
0.553474 0.962648 0.962654 -0.000006
0.556619 0.971167 0.971173 -0.000006
0.559763 0.979730 0.979736 -0.000006
0.562908 0.988337 0.988344 -0.000006
0.566053 0.996989 0.996996 -0.000006
0.569197 1.005686 1.005692 -0.000006
0.572342 1.014427 1.014433 -0.000006
0.575487 1.023214 1.023220 -0.000006
0.578632 1.032045 1.032052 -0.000006
0.581776 1.040923 1.040929 -0.000006
0.584921 1.049845 1.049852 -0.000006
0.588066 1.058814 1.058821 -0.000007
0.591211 1.067829 1.067836 -0.000007
0.594355 1.076890 1.076897 -0.000007
0.597500 1.085998 1.086005 -0.000007
0.600645 1.095152 1.095159 -0.000007
0.603790 1.104353 1.104360 -0.000007
0.606934 1.113602 1.113609 -0.000007
0.610079 1.122897 1.122904 -0.000007
0.613224 1.132241 1.132247 -0.000007
0.616369 1.141631 1.141638 -0.000007
0.619513 1.151070 1.151077 -0.000007
0.622658 1.160557 1.160564 -0.000007
0.625803 1.170092 1.170099 -0.000007
0.628947 1.179676 1.179683 -0.000007
0.632092 1.189309 1.189316 -0.000007
0.635237 1.198990 1.198997 -0.000007
0.638382 1.208721 1.208728 -0.000007
0.641526 1.218501 1.218508 -0.000007
0.644671 1.228331 1.228338 -0.000007
0.647816 1.238210 1.238218 -0.000007
0.650961 1.248140 1.248147 -0.000007
0.654105 1.258120 1.258127 -0.000007
0.657250 1.268150 1.268158 -0.000007
0.660395 1.278232 1.278239 -0.000007
0.663540 1.288364 1.288371 -0.000007
0.666684 1.298547 1.298554 -0.000007
0.669829 1.308781 1.308789 -0.000007
0.672974 1.319067 1.319075 -0.000007
0.676119 1.329405 1.329413 -0.000007
0.679263 1.339795 1.339803 -0.000008
0.682408 1.350237 1.350245 -0.000008
0.685553 1.360732 1.360740 -0.000008
0.688697 1.371280 1.371287 -0.000008
0.691842 1.381880 1.381888 -0.000008
0.694987 1.392534 1.392541 -0.000008
0.698132 1.403240 1.403248 -0.000008
0.701276 1.414001 1.414009 -0.000008
0.704421 1.424816 1.424823 -0.000008
0.707566 1.435684 1.435692 -0.000008
0.710711 1.446607 1.446615 -0.000008
0.713855 1.457584 1.457592 -0.000008
0.717000 1.468617 1.468625 -0.000008
0.720145 1.479704 1.479712 -0.000008
0.723290 1.490846 1.490854 -0.000008
0.726434 1.502044 1.502052 -0.000008
0.729579 1.513298 1.513306 -0.000008
0.732724 1.524608 1.524616 -0.000008
0.735869 1.535974 1.535982 -0.000008
0.739013 1.547397 1.547405 -0.000008
0.742158 1.558876 1.558884 -0.000008
0.745303 1.570412 1.570420 -0.000008
0.748447 1.582005 1.582014 -0.000008
0.751592 1.593656 1.593665 -0.000008
0.754737 1.605365 1.605373 -0.000008
0.757882 1.617131 1.617140 -0.000008
0.761026 1.628956 1.628964 -0.000008
0.764171 1.640839 1.640847 -0.000008
0.767316 1.652781 1.652789 -0.000008
0.770461 1.664782 1.664790 -0.000009
0.773605 1.676842 1.676850 -0.000009
0.776750 1.688961 1.688970 -0.000009
0.779895 1.701140 1.701149 -0.000009
0.783040 1.713379 1.713388 -0.000009
0.786184 1.725679 1.725687 -0.000009
0.789329 1.738038 1.738047 -0.000009
0.792474 1.750459 1.750468 -0.000009
0.795619 1.762941 1.762949 -0.000009
0.798763 1.775483 1.775492 -0.000009
0.801908 1.788088 1.788096 -0.000009
0.805053 1.800754 1.800763 -0.000009
0.808198 1.813482 1.813491 -0.000009
0.811342 1.826272 1.826281 -0.000009
0.814487 1.839125 1.839134 -0.000009
0.817632 1.852041 1.852050 -0.000009
0.820776 1.865020 1.865029 -0.000009
0.823921 1.878063 1.878072 -0.000009
0.827066 1.891169 1.891178 -0.000009
0.830211 1.904339 1.904348 -0.000009
0.833355 1.917573 1.917582 -0.000009
0.836500 1.930872 1.930881 -0.000009
0.839645 1.944235 1.944244 -0.000009
0.842790 1.957664 1.957673 -0.000009
0.845934 1.971157 1.971167 -0.000009
0.849079 1.984717 1.984726 -0.000009
0.852224 1.998342 1.998351 -0.000009
0.855369 2.012033 2.012043 -0.000009
0.858513 2.025791 2.025800 -0.000009
0.861658 2.039615 2.039625 -0.000009
0.864803 2.053507 2.053516 -0.000010
0.867948 2.067466 2.067475 -0.000010
0.871092 2.081492 2.081501 -0.000010
0.874237 2.095586 2.095596 -0.000010
0.877382 2.109748 2.109758 -0.000010
0.880526 2.123979 2.123989 -0.000010
0.883671 2.138278 2.138288 -0.000010
0.886816 2.152647 2.152656 -0.000010
0.889961 2.167084 2.167094 -0.000010
0.893105 2.181592 2.181602 -0.000010
0.896250 2.196169 2.196179 -0.000010
0.899395 2.210816 2.210826 -0.000010
0.902540 2.225534 2.225544 -0.000010
0.905684 2.240323 2.240333 -0.000010
0.908829 2.255183 2.255192 -0.000010
0.911974 2.270114 2.270124 -0.000010
0.915119 2.285116 2.285126 -0.000010
0.918263 2.300191 2.300201 -0.000010
0.921408 2.315338 2.315348 -0.000010
0.924553 2.330558 2.330568 -0.000010
0.927698 2.345850 2.345861 -0.000010
0.930842 2.361216 2.361226 -0.000010
0.933987 2.376656 2.376666 -0.000010
0.937132 2.392169 2.392179 -0.000010
0.940276 2.407756 2.407766 -0.000010
0.943421 2.423418 2.423428 -0.000010
0.946566 2.439154 2.439165 -0.000010
0.949711 2.454966 2.454976 -0.000010
0.952855 2.470853 2.470863 -0.000010
0.956000 2.486815 2.486826 -0.000011
0.959145 2.502854 2.502865 -0.000011
0.962290 2.518969 2.518980 -0.000011
0.965434 2.535161 2.535172 -0.000011
0.968579 2.551430 2.551441 -0.000011
0.971724 2.567776 2.567787 -0.000011
0.974869 2.584200 2.584211 -0.000011
0.978013 2.600702 2.600713 -0.000011
0.981158 2.617282 2.617293 -0.000011
0.984303 2.633941 2.633952 -0.000011
0.987448 2.650678 2.650689 -0.000011
0.990592 2.667496 2.667506 -0.000011
0.993737 2.684392 2.684403 -0.000011
0.996882 2.701369 2.701380 -0.000011
1.000026 2.718426 2.718437 -0.000011
1.003171 2.735563 2.735574 -0.000011
1.006316 2.752782 2.752793 -0.000011
1.009461 2.770082 2.770093 -0.000011
1.012605 2.787464 2.787475 -0.000011
1.015750 2.804927 2.804938 -0.000011
1.018895 2.822473 2.822484 -0.000011
1.022040 2.840102 2.840113 -0.000011
1.025184 2.857814 2.857825 -0.000011
1.028329 2.875609 2.875620 -0.000011
1.031474 2.893488 2.893499 -0.000011
1.034619 2.911451 2.911462 -0.000011
1.037763 2.929498 2.929509 -0.000011
1.040908 2.947630 2.947642 -0.000011
1.044053 2.965848 2.965859 -0.000011
1.047198 2.984151 2.984162 -0.000011
1.050342 3.002539 3.002551 -0.000012
1.053487 3.021014 3.021026 -0.000012
1.056632 3.039576 3.039588 -0.000012
1.059777 3.058225 3.058236 -0.000012
1.062921 3.076960 3.076972 -0.000012
1.066066 3.095784 3.095796 -0.000012
1.069211 3.114696 3.114707 -0.000012
1.072355 3.133696 3.133707 -0.000012
1.075500 3.152785 3.152796 -0.000012
1.078645 3.171962 3.171974 -0.000012
1.081790 3.191230 3.191242 -0.000012
1.084934 3.210587 3.210599 -0.000012
1.088079 3.230035 3.230047 -0.000012
1.091224 3.249574 3.249585 -0.000012
1.094369 3.269203 3.269215 -0.000012
1.097513 3.288924 3.288936 -0.000012
1.100658 3.308736 3.308748 -0.000012
1.103803 3.328641 3.328653 -0.000012
1.106948 3.348638 3.348651 -0.000012
1.110092 3.368729 3.368741 -0.000012
1.113237 3.388912 3.388925 -0.000012
1.116382 3.409190 3.409202 -0.000012
1.119527 3.429561 3.429574 -0.000012
1.122671 3.450027 3.450040 -0.000012
1.125816 3.470588 3.470600 -0.000012
1.128961 3.491244 3.491257 -0.000012
1.132105 3.511996 3.512009 -0.000012
1.135250 3.532844 3.532857 -0.000012
1.138395 3.553789 3.553801 -0.000012
1.141540 3.574830 3.574842 -0.000012
1.144684 3.595969 3.595981 -0.000013
1.147829 3.617205 3.617217 -0.000013
1.150974 3.638539 3.638552 -0.000013
1.154119 3.659972 3.659985 -0.000013
1.157263 3.681504 3.681517 -0.000013
1.160408 3.703135 3.703148 -0.000013
1.163553 3.724866 3.724879 -0.000013
1.166698 3.746697 3.746710 -0.000013
1.169842 3.768629 3.768642 -0.000013
1.172987 3.790662 3.790674 -0.000013
1.176132 3.812796 3.812809 -0.000013
1.179277 3.835032 3.835044 -0.000013
1.182421 3.857370 3.857383 -0.000013
1.185566 3.879810 3.879823 -0.000013
1.188711 3.902354 3.902367 -0.000013
1.191855 3.925002 3.925015 -0.000013
1.195000 3.947753 3.947766 -0.000013
1.198145 3.970609 3.970622 -0.000013
1.201290 3.993569 3.993582 -0.000013
1.204434 4.016635 4.016648 -0.000013
1.207579 4.039807 4.039820 -0.000013
1.210724 4.063084 4.063097 -0.000013
1.213869 4.086468 4.086482 -0.000013
1.217013 4.109959 4.109973 -0.000013
1.220158 4.133558 4.133571 -0.000013
1.223303 4.157265 4.157278 -0.000013
1.226448 4.181079 4.181093 -0.000013
1.229592 4.205003 4.205016 -0.000013
1.232737 4.229036 4.229049 -0.000013
1.235882 4.253178 4.253192 -0.000014
1.239027 4.277431 4.277444 -0.000014
1.242171 4.301794 4.301808 -0.000014
1.245316 4.326268 4.326282 -0.000014
1.248461 4.350854 4.350868 -0.000014
1.251605 4.375552 4.375565 -0.000014
1.254750 4.400362 4.400375 -0.000014
1.257895 4.425285 4.425298 -0.000014
1.261040 4.450321 4.450335 -0.000014
1.264184 4.475471 4.475485 -0.000014
1.267329 4.500736 4.500749 -0.000014
1.270474 4.526115 4.526129 -0.000014
1.273619 4.551609 4.551623 -0.000014
1.276763 4.577219 4.577233 -0.000014
1.279908 4.602945 4.602959 -0.000014
1.283053 4.628788 4.628802 -0.000014
1.286198 4.654748 4.654762 -0.000014
1.289342 4.680826 4.680840 -0.000014
1.292487 4.707022 4.707036 -0.000014
1.295632 4.733336 4.733350 -0.000014
1.298777 4.759769 4.759784 -0.000014
1.301921 4.786322 4.786337 -0.000014
1.305066 4.812995 4.813010 -0.000014
1.308211 4.839789 4.839803 -0.000014
1.311355 4.866704 4.866718 -0.000014
1.314500 4.893740 4.893754 -0.000014
1.317645 4.920898 4.920912 -0.000014
1.320790 4.948178 4.948193 -0.000014
1.323934 4.975582 4.975597 -0.000014
1.327079 5.003109 5.003124 -0.000014
1.330224 5.030761 5.030775 -0.000014
1.333369 5.058537 5.058551 -0.000015
1.336513 5.086437 5.086452 -0.000015
1.339658 5.114464 5.114478 -0.000015
1.342803 5.142616 5.142631 -0.000015
1.345948 5.170896 5.170910 -0.000015
1.349092 5.199302 5.199317 -0.000015
1.352237 5.227836 5.227851 -0.000015
1.355382 5.256498 5.256513 -0.000015
1.358527 5.285289 5.285304 -0.000015
1.361671 5.314209 5.314224 -0.000015
1.364816 5.343258 5.343273 -0.000015
1.367961 5.372439 5.372453 -0.000015
1.371106 5.401749 5.401764 -0.000015
1.374250 5.431192 5.431206 -0.000015
1.377395 5.460766 5.460781 -0.000015
1.380540 5.490472 5.490487 -0.000015
1.383684 5.520311 5.520327 -0.000015
1.386829 5.550284 5.550299 -0.000015
1.389974 5.580391 5.580407 -0.000015
1.393119 5.610633 5.610648 -0.000015
1.396263 5.641010 5.641025 -0.000015
1.399408 5.671522 5.671537 -0.000015
1.402553 5.702171 5.702186 -0.000015
1.405698 5.732956 5.732971 -0.000015
1.408842 5.763879 5.763894 -0.000015
1.411987 5.794940 5.794955 -0.000015
1.415132 5.826139 5.826154 -0.000015
1.418277 5.857477 5.857493 -0.000015
1.421421 5.888955 5.888971 -0.000015
1.424566 5.920573 5.920589 -0.000015
1.427711 5.952332 5.952348 -0.000016
1.430856 5.984232 5.984248 -0.000016
1.434000 6.016274 6.016290 -0.000016
1.437145 6.048459 6.048474 -0.000016
1.440290 6.080786 6.080802 -0.000016
1.443434 6.113258 6.113273 -0.000016
1.446579 6.145873 6.145889 -0.000016
1.449724 6.178633 6.178649 -0.000016
1.452869 6.211539 6.211555 -0.000016
1.456013 6.244591 6.244606 -0.000016
1.459158 6.277789 6.277805 -0.000016
1.462303 6.311134 6.311150 -0.000016
1.465448 6.344627 6.344643 -0.000016
1.468592 6.378269 6.378285 -0.000016
1.471737 6.412059 6.412075 -0.000016
1.474882 6.446000 6.446016 -0.000016
1.478027 6.480090 6.480106 -0.000016
1.481171 6.514331 6.514347 -0.000016
1.484316 6.548723 6.548740 -0.000016
1.487461 6.583268 6.583284 -0.000016
1.490606 6.617965 6.617981 -0.000016
1.493750 6.652816 6.652832 -0.000016
1.496895 6.687820 6.687836 -0.000016
1.500040 6.722979 6.722995 -0.000016
1.503184 6.758293 6.758309 -0.000016
1.506329 6.793763 6.793779 -0.000016
1.509474 6.829389 6.829405 -0.000016
1.512619 6.865172 6.865188 -0.000016
1.515763 6.901113 6.901129 -0.000016
1.518908 6.937212 6.937228 -0.000016
1.522053 6.973470 6.973486 -0.000016
1.525198 7.009887 7.009904 -0.000016
1.528342 7.046465 7.046482 -0.000017
1.531487 7.083204 7.083220 -0.000017
1.534632 7.120104 7.120121 -0.000017
1.537777 7.157167 7.157183 -0.000017
1.540921 7.194392 7.194409 -0.000017
1.544066 7.231781 7.231797 -0.000017
1.547211 7.269334 7.269350 -0.000017
1.550356 7.307051 7.307068 -0.000017
1.553500 7.344935 7.344951 -0.000017
1.556645 7.382984 7.383001 -0.000017
1.559790 7.421200 7.421217 -0.000017
1.562934 7.459584 7.459601 -0.000017
1.566079 7.498136 7.498152 -0.000017
1.569224 7.536856 7.536873 -0.000017
1.572369 7.575747 7.575763 -0.000017
1.575513 7.614807 7.614824 -0.000017
1.578658 7.654038 7.654055 -0.000017
1.581803 7.693441 7.693458 -0.000017
1.584948 7.733017 7.733034 -0.000017
1.588092 7.772765 7.772782 -0.000017
1.591237 7.812687 7.812704 -0.000017
1.594382 7.852783 7.852800 -0.000017
1.597527 7.893054 7.893071 -0.000017
1.600671 7.933501 7.933518 -0.000017
1.603816 7.974125 7.974142 -0.000017
1.606961 8.014926 8.014943 -0.000017
1.610106 8.055904 8.055922 -0.000017
1.613250 8.097062 8.097079 -0.000017
1.616395 8.138398 8.138416 -0.000017
1.619540 8.179915 8.179932 -0.000017
1.622684 8.221613 8.221630 -0.000017
1.625829 8.263492 8.263509 -0.000017
1.628974 8.305553 8.305570 -0.000017
1.632119 8.347797 8.347815 -0.000018
1.635263 8.390225 8.390243 -0.000018
1.638408 8.432838 8.432855 -0.000018
1.641553 8.475635 8.475653 -0.000018
1.644698 8.518619 8.518637 -0.000018
1.647842 8.561789 8.561807 -0.000018
1.650987 8.605147 8.605165 -0.000018
1.654132 8.648693 8.648711 -0.000018
1.657277 8.692428 8.692445 -0.000018
1.660421 8.736352 8.736370 -0.000018
1.663566 8.780467 8.780485 -0.000018
1.666711 8.824773 8.824791 -0.000018
1.669856 8.869272 8.869290 -0.000018
1.673000 8.913963 8.913981 -0.000018
1.676145 8.958847 8.958865 -0.000018
1.679290 9.003926 9.003944 -0.000018
1.682435 9.049200 9.049218 -0.000018
1.685579 9.094670 9.094688 -0.000018
1.688724 9.140336 9.140354 -0.000018
1.691869 9.186200 9.186218 -0.000018
1.695013 9.232262 9.232280 -0.000018
1.698158 9.278524 9.278542 -0.000018
1.701303 9.324985 9.325003 -0.000018
1.704448 9.371646 9.371664 -0.000018
1.707592 9.418509 9.418528 -0.000018
1.710737 9.465575 9.465593 -0.000018
1.713882 9.512843 9.512861 -0.000018
1.717027 9.560315 9.560333 -0.000018
1.720171 9.607992 9.608010 -0.000018
1.723316 9.655874 9.655893 -0.000018
1.726461 9.703963 9.703982 -0.000018
1.729606 9.752259 9.752277 -0.000018
1.732750 9.800763 9.800781 -0.000018
1.735895 9.849475 9.849494 -0.000018
1.739040 9.898398 9.898416 -0.000018
1.742185 9.947530 9.947549 -0.000018
1.745329 9.996874 9.996893 -0.000019
1.748474 10.046430 10.046449 -0.000019
1.751619 10.096200 10.096218 -0.000019
1.754763 10.146183 10.146201 -0.000019
1.757908 10.196380 10.196399 -0.000019
1.761053 10.246794 10.246812 -0.000019
1.764198 10.297423 10.297442 -0.000019
1.767342 10.348270 10.348289 -0.000019
1.770487 10.399335 10.399354 -0.000019
1.773632 10.450619 10.450638 -0.000019
1.776777 10.502123 10.502142 -0.000019
1.779921 10.553848 10.553867 -0.000019
1.783066 10.605795 10.605813 -0.000019
1.786211 10.657964 10.657982 -0.000019
1.789356 10.710356 10.710375 -0.000019
1.792500 10.762973 10.762991 -0.000019
1.795645 10.815814 10.815833 -0.000019
1.798790 10.868882 10.868901 -0.000019
1.801935 10.922177 10.922196 -0.000019
1.805079 10.975700 10.975719 -0.000019
1.808224 11.029452 11.029471 -0.000019
1.811369 11.083433 11.083452 -0.000019
1.814513 11.137645 11.137664 -0.000019
1.817658 11.192089 11.192108 -0.000019
1.820803 11.246765 11.246784 -0.000019
1.823948 11.301674 11.301694 -0.000019
1.827092 11.356818 11.356837 -0.000019
1.830237 11.412197 11.412216 -0.000019
1.833382 11.467812 11.467832 -0.000019
1.836527 11.523665 11.523684 -0.000019
1.839671 11.579755 11.579774 -0.000019
1.842816 11.636085 11.636104 -0.000019
1.845961 11.692654 11.692673 -0.000019
1.849106 11.749464 11.749484 -0.000019
1.852250 11.806516 11.806536 -0.000019
1.855395 11.863811 11.863831 -0.000019
1.858540 11.921350 11.921370 -0.000019
1.861685 11.979134 11.979153 -0.000019
1.864829 12.037163 12.037182 -0.000019
1.867974 12.095439 12.095458 -0.000019
1.871119 12.153963 12.153982 -0.000019
1.874263 12.212735 12.212755 -0.000020
1.877408 12.271757 12.271777 -0.000020
1.880553 12.331030 12.331049 -0.000020
1.883698 12.390554 12.390574 -0.000020
1.886842 12.450331 12.450350 -0.000020
1.889987 12.510361 12.510381 -0.000020
1.893132 12.570647 12.570666 -0.000020
1.896277 12.631187 12.631207 -0.000020
1.899421 12.691985 12.692005 -0.000020
1.902566 12.753040 12.753060 -0.000020
1.905711 12.814354 12.814374 -0.000020
1.908856 12.875928 12.875947 -0.000020
1.912000 12.937762 12.937782 -0.000020
1.915145 12.999858 12.999878 -0.000020
1.918290 13.062217 13.062237 -0.000020
1.921435 13.124840 13.124860 -0.000020
1.924579 13.187728 13.187747 -0.000020
1.927724 13.250881 13.250901 -0.000020
1.930869 13.314302 13.314322 -0.000020
1.934013 13.377991 13.378011 -0.000020
1.937158 13.441949 13.441968 -0.000020
1.940303 13.506177 13.506196 -0.000020
1.943448 13.570676 13.570696 -0.000020
1.946592 13.635447 13.635467 -0.000020
1.949737 13.700492 13.700512 -0.000020
1.952882 13.765812 13.765832 -0.000020
1.956027 13.831407 13.831427 -0.000020
1.959171 13.897278 13.897298 -0.000020
1.962316 13.963428 13.963448 -0.000020
1.965461 14.029856 14.029876 -0.000020
1.968606 14.096564 14.096584 -0.000020
1.971750 14.163553 14.163573 -0.000020
1.974895 14.230825 14.230845 -0.000020
1.978040 14.298379 14.298399 -0.000020
1.981185 14.366218 14.366238 -0.000020
1.984329 14.434343 14.434363 -0.000020
1.987474 14.502754 14.502774 -0.000020
1.990619 14.571452 14.571473 -0.000020
1.993764 14.640440 14.640460 -0.000020
1.996908 14.709718 14.709738 -0.000020
2.000053 14.779287 14.779307 -0.000020
2.003198 14.849148 14.849168 -0.000020
2.006342 14.919303 14.919323 -0.000020
2.009487 14.989752 14.989772 -0.000020
2.012632 15.060497 15.060517 -0.000020
2.015777 15.131539 15.131559 -0.000020
2.018921 15.202879 15.202899 -0.000020
2.022066 15.274518 15.274539 -0.000020
2.025211 15.346458 15.346479 -0.000020
2.028356 15.418700 15.418720 -0.000020
2.031500 15.491244 15.491265 -0.000020
2.034645 15.564092 15.564113 -0.000020
2.037790 15.637246 15.637266 -0.000020
2.040935 15.710706 15.710727 -0.000021
2.044079 15.784474 15.784494 -0.000021
2.047224 15.858550 15.858571 -0.000021
2.050369 15.932937 15.932957 -0.000021
2.053514 16.007634 16.007655 -0.000021
2.056658 16.082645 16.082665 -0.000021
2.059803 16.157969 16.157989 -0.000021
2.062948 16.233607 16.233628 -0.000021
2.066092 16.309562 16.309583 -0.000021
2.069237 16.385835 16.385856 -0.000021
2.072382 16.462426 16.462447 -0.000021
2.075527 16.539337 16.539358 -0.000021
2.078671 16.616570 16.616590 -0.000021
2.081816 16.694124 16.694145 -0.000021
2.084961 16.772003 16.772023 -0.000021
2.088106 16.850206 16.850227 -0.000021
2.091250 16.928736 16.928756 -0.000021
2.094395 17.007593 17.007614 -0.000021
2.097540 17.086779 17.086800 -0.000021
2.100685 17.166295 17.166316 -0.000021
2.103829 17.246142 17.246163 -0.000021
2.106974 17.326322 17.326343 -0.000021
2.110119 17.406837 17.406857 -0.000021
2.113264 17.487686 17.487707 -0.000021
2.116408 17.568872 17.568893 -0.000021
2.119553 17.650396 17.650417 -0.000021
2.122698 17.732259 17.732280 -0.000021
2.125842 17.814463 17.814484 -0.000021
2.128987 17.897009 17.897030 -0.000021
2.132132 17.979898 17.979919 -0.000021
2.135277 18.063131 18.063152 -0.000021
2.138421 18.146711 18.146732 -0.000021
2.141566 18.230638 18.230659 -0.000021
2.144711 18.314913 18.314934 -0.000021
2.147856 18.399539 18.399560 -0.000021
2.151000 18.484516 18.484537 -0.000021
2.154145 18.569846 18.569866 -0.000021
2.157290 18.655529 18.655550 -0.000021
2.160435 18.741569 18.741590 -0.000021
2.163579 18.827965 18.827986 -0.000021
2.166724 18.914720 18.914741 -0.000021
2.169869 19.001834 19.001855 -0.000021
2.173014 19.089310 19.089330 -0.000021
2.176158 19.177148 19.177168 -0.000021
2.179303 19.265349 19.265370 -0.000021
2.182448 19.353917 19.353938 -0.000021
2.185592 19.442851 19.442872 -0.000021
2.188737 19.532153 19.532174 -0.000021
2.191882 19.621825 19.621846 -0.000021
2.195027 19.711868 19.711889 -0.000021
2.198171 19.802284 19.802305 -0.000021
2.201316 19.893074 19.893095 -0.000021
2.204461 19.984239 19.984260 -0.000021
2.207606 20.075781 20.075802 -0.000021
2.210750 20.167701 20.167722 -0.000021
2.213895 20.260002 20.260023 -0.000021
2.217040 20.352684 20.352705 -0.000021
2.220185 20.445748 20.445769 -0.000021
2.223329 20.539197 20.539218 -0.000021
2.226474 20.633032 20.633053 -0.000021
2.229619 20.727254 20.727275 -0.000021
2.232764 20.821865 20.821886 -0.000021
2.235908 20.916866 20.916887 -0.000021
2.239053 21.012259 21.012280 -0.000021
2.242198 21.108046 21.108067 -0.000021
2.245342 21.204227 21.204248 -0.000021
2.248487 21.300805 21.300826 -0.000021
2.251632 21.397781 21.397802 -0.000021
2.254777 21.495157 21.495178 -0.000021
2.257921 21.592934 21.592955 -0.000021
2.261066 21.691113 21.691134 -0.000021
2.264211 21.789697 21.789718 -0.000021
2.267356 21.888686 21.888707 -0.000021
2.270500 21.988083 21.988104 -0.000021
2.273645 22.087889 22.087910 -0.000021
2.276790 22.188106 22.188127 -0.000021
2.279935 22.288734 22.288755 -0.000021
2.283079 22.389777 22.389798 -0.000021
2.286224 22.491235 22.491256 -0.000021
2.289369 22.593110 22.593131 -0.000021
2.292514 22.695403 22.695424 -0.000021
2.295658 22.798117 22.798138 -0.000021
2.298803 22.901252 22.901273 -0.000021
2.301948 23.004812 23.004833 -0.000021
2.305093 23.108796 23.108817 -0.000021
2.308237 23.213207 23.213228 -0.000021
2.311382 23.318047 23.318067 -0.000021
2.314527 23.423316 23.423337 -0.000021
2.317671 23.529018 23.529039 -0.000021
2.320816 23.635153 23.635174 -0.000021
2.323961 23.741723 23.741744 -0.000021
2.327106 23.848730 23.848751 -0.000021
2.330250 23.956175 23.956196 -0.000021
2.333395 24.064061 24.064082 -0.000021
2.336540 24.172389 24.172410 -0.000021
2.339685 24.281160 24.281181 -0.000021
2.342829 24.390377 24.390398 -0.000021
2.345974 24.500041 24.500062 -0.000021
2.349119 24.610154 24.610175 -0.000021
2.352264 24.720717 24.720738 -0.000021
2.355408 24.831733 24.831754 -0.000021
2.358553 24.943203 24.943224 -0.000021
2.361698 25.055129 25.055149 -0.000021
2.364843 25.167512 25.167533 -0.000021
2.367987 25.280354 25.280375 -0.000021
2.371132 25.393658 25.393679 -0.000021
2.374277 25.507425 25.507446 -0.000021
2.377421 25.621657 25.621677 -0.000021
2.380566 25.736355 25.736375 -0.000021
2.383711 25.851521 25.851542 -0.000021
2.386856 25.967157 25.967178 -0.000021
2.390000 26.083266 26.083287 -0.000021
2.393145 26.199848 26.199869 -0.000021
2.396290 26.316906 26.316927 -0.000021
2.399435 26.434442 26.434462 -0.000021
2.402579 26.552456 26.552477 -0.000021
2.405724 26.670952 26.670973 -0.000021
2.408869 26.789931 26.789952 -0.000021
2.412014 26.909395 26.909416 -0.000021
2.415158 27.029346 27.029366 -0.000021
2.418303 27.149785 27.149806 -0.000021
2.421448 27.270715 27.270735 -0.000021
2.424593 27.392137 27.392158 -0.000021
2.427737 27.514054 27.514074 -0.000021
2.430882 27.636467 27.636487 -0.000020
2.434027 27.759378 27.759398 -0.000020
2.437171 27.882789 27.882809 -0.000020
2.440316 28.006702 28.006723 -0.000020
2.443461 28.131119 28.131140 -0.000020
2.446606 28.256042 28.256063 -0.000020
2.449750 28.381473 28.381494 -0.000020
2.452895 28.507414 28.507434 -0.000020
2.456040 28.633866 28.633887 -0.000020
2.459185 28.760833 28.760853 -0.000020
2.462329 28.888315 28.888335 -0.000020
2.465474 29.016315 29.016335 -0.000020
2.468619 29.144834 29.144854 -0.000020
2.471764 29.273875 29.273895 -0.000020
2.474908 29.403440 29.403460 -0.000020
2.478053 29.533531 29.533551 -0.000020
2.481198 29.664150 29.664170 -0.000020
2.484343 29.795298 29.795318 -0.000020
2.487487 29.926978 29.926998 -0.000020
2.490632 30.059192 30.059212 -0.000020
2.493777 30.191942 30.191962 -0.000020
2.496921 30.325231 30.325251 -0.000020
2.500066 30.459059 30.459079 -0.000020
2.503211 30.593429 30.593449 -0.000020
2.506356 30.728344 30.728364 -0.000020
2.509500 30.863805 30.863825 -0.000020
2.512645 30.999815 30.999835 -0.000020
2.515790 31.136375 31.136395 -0.000020
2.518935 31.273488 31.273508 -0.000020
2.522079 31.411156 31.411175 -0.000020
2.525224 31.549380 31.549400 -0.000020
2.528369 31.688164 31.688184 -0.000020
2.531514 31.827509 31.827529 -0.000020
2.534658 31.967418 31.967437 -0.000020
2.537803 32.107892 32.107911 -0.000020
2.540948 32.248934 32.248953 -0.000020
2.544093 32.390545 32.390565 -0.000020
2.547237 32.532729 32.532749 -0.000019
2.550382 32.675488 32.675507 -0.000019
2.553527 32.818823 32.818842 -0.000019
2.556671 32.962736 32.962756 -0.000019
2.559816 33.107231 33.107250 -0.000019
2.562961 33.252309 33.252328 -0.000019
2.566106 33.397972 33.397991 -0.000019
2.569250 33.544223 33.544242 -0.000019
2.572395 33.691064 33.691083 -0.000019
2.575540 33.838497 33.838516 -0.000019
2.578685 33.986525 33.986544 -0.000019
2.581829 34.135149 34.135168 -0.000019
2.584974 34.284372 34.284392 -0.000019
2.588119 34.434197 34.434216 -0.000019
2.591264 34.584626 34.584645 -0.000019
2.594408 34.735661 34.735679 -0.000019
2.597553 34.887303 34.887322 -0.000019
2.600698 35.039557 35.039576 -0.000019
2.603843 35.192424 35.192442 -0.000019
2.606987 35.345906 35.345924 -0.000019
2.610132 35.500005 35.500024 -0.000019
2.613277 35.654725 35.654744 -0.000019
2.616422 35.810067 35.810086 -0.000019
2.619566 35.966034 35.966053 -0.000019
2.622711 36.122628 36.122647 -0.000018
2.625856 36.279852 36.279871 -0.000018
2.629000 36.437708 36.437727 -0.000018
2.632145 36.596199 36.596217 -0.000018
2.635290 36.755326 36.755344 -0.000018
2.638435 36.915093 36.915111 -0.000018
2.641579 37.075501 37.075519 -0.000018
2.644724 37.236554 37.236572 -0.000018
2.647869 37.398253 37.398272 -0.000018
2.651014 37.560602 37.560620 -0.000018
2.654158 37.723603 37.723620 -0.000018
2.657303 37.887257 37.887275 -0.000018
2.660448 38.051568 38.051586 -0.000018
2.663593 38.216539 38.216557 -0.000018
2.666737 38.382171 38.382189 -0.000018
2.669882 38.548467 38.548485 -0.000018
2.673027 38.715430 38.715448 -0.000018
2.676172 38.883063 38.883081 -0.000018
2.679316 39.051367 39.051385 -0.000018
2.682461 39.220346 39.220364 -0.000017
2.685606 39.390002 39.390020 -0.000017
2.688750 39.560338 39.560355 -0.000017
2.691895 39.731356 39.731373 -0.000017
2.695040 39.903058 39.903076 -0.000017
2.698185 40.075448 40.075466 -0.000017
2.701329 40.248529 40.248546 -0.000017
2.704474 40.422302 40.422319 -0.000017
2.707619 40.596770 40.596787 -0.000017
2.710764 40.771936 40.771953 -0.000017
2.713908 40.947803 40.947820 -0.000017
2.717053 41.124374 41.124391 -0.000017
2.720198 41.301650 41.301667 -0.000017
2.723343 41.479636 41.479652 -0.000017
2.726487 41.658332 41.658349 -0.000017
2.729632 41.837743 41.837760 -0.000017
2.732777 42.017871 42.017887 -0.000016
2.735922 42.198718 42.198735 -0.000016
2.739066 42.380288 42.380304 -0.000016
2.742211 42.562583 42.562599 -0.000016
2.745356 42.745606 42.745622 -0.000016
2.748500 42.929360 42.929376 -0.000016
2.751645 43.113847 43.113863 -0.000016
2.754790 43.299070 43.299086 -0.000016
2.757935 43.485032 43.485048 -0.000016
2.761079 43.671736 43.671752 -0.000016
2.764224 43.859185 43.859201 -0.000016
2.767369 44.047382 44.047398 -0.000016
2.770514 44.236329 44.236345 -0.000016
2.773658 44.426029 44.426045 -0.000015
2.776803 44.616486 44.616501 -0.000015
2.779948 44.807701 44.807716 -0.000015
2.783093 44.999678 44.999694 -0.000015
2.786237 45.192421 45.192436 -0.000015
2.789382 45.385930 45.385946 -0.000015
2.792527 45.580211 45.580226 -0.000015
2.795672 45.775265 45.775280 -0.000015
2.798816 45.971096 45.971111 -0.000015
2.801961 46.167706 46.167721 -0.000015
2.805106 46.365099 46.365113 -0.000015
2.808250 46.563277 46.563291 -0.000015
2.811395 46.762243 46.762258 -0.000014
2.814540 46.962001 46.962016 -0.000014
2.817685 47.162554 47.162568 -0.000014
2.820829 47.363903 47.363918 -0.000014
2.823974 47.566054 47.566068 -0.000014
2.827119 47.769008 47.769022 -0.000014
2.830264 47.972768 47.972782 -0.000014
2.833408 48.177338 48.177352 -0.000014
2.836553 48.382721 48.382735 -0.000014
2.839698 48.588920 48.588934 -0.000014
2.842843 48.795938 48.795951 -0.000014
2.845987 49.003778 49.003791 -0.000013
2.849132 49.212443 49.212456 -0.000013
2.852277 49.421936 49.421949 -0.000013
2.855422 49.632261 49.632274 -0.000013
2.858566 49.843420 49.843433 -0.000013
2.861711 50.055417 50.055430 -0.000013
2.864856 50.268255 50.268268 -0.000013
2.868001 50.481937 50.481950 -0.000013
2.871145 50.696467 50.696480 -0.000013
2.874290 50.911847 50.911860 -0.000013
2.877435 51.128081 51.128094 -0.000012
2.880579 51.345173 51.345185 -0.000012
2.883724 51.563124 51.563136 -0.000012
2.886869 51.781939 51.781951 -0.000012
2.890014 52.001621 52.001633 -0.000012
2.893158 52.222173 52.222185 -0.000012
2.896303 52.443599 52.443610 -0.000012
2.899448 52.665901 52.665913 -0.000012
2.902593 52.889083 52.889095 -0.000012
2.905737 53.113149 53.113161 -0.000011
2.908882 53.338102 53.338113 -0.000011
2.912027 53.563945 53.563956 -0.000011
2.915172 53.790681 53.790692 -0.000011
2.918316 54.018314 54.018325 -0.000011
2.921461 54.246848 54.246858 -0.000011
2.924606 54.476285 54.476296 -0.000011
2.927751 54.706629 54.706640 -0.000011
2.930895 54.937884 54.937895 -0.000011
2.934040 55.170053 55.170064 -0.000010
2.937185 55.403140 55.403150 -0.000010
2.940329 55.637147 55.637158 -0.000010
2.943474 55.872079 55.872089 -0.000010
2.946619 56.107939 56.107949 -0.000010
2.949764 56.344731 56.344741 -0.000010
2.952908 56.582457 56.582467 -0.000010
2.956053 56.821122 56.821132 -0.000010
2.959198 57.060730 57.060739 -0.000009
2.962343 57.301282 57.301292 -0.000009
2.965487 57.542785 57.542794 -0.000009
2.968632 57.785239 57.785248 -0.000009
2.971777 58.028651 58.028660 -0.000009
2.974922 58.273022 58.273031 -0.000009
2.978066 58.518358 58.518366 -0.000009
2.981211 58.764660 58.764669 -0.000008
2.984356 59.011934 59.011942 -0.000008
2.987501 59.260182 59.260190 -0.000008
2.990645 59.509409 59.509417 -0.000008
2.993790 59.759617 59.759625 -0.000008
2.996935 60.010812 60.010820 -0.000008
3.000079 60.262996 60.263004 -0.000008
3.003224 60.516173 60.516181 -0.000007
3.006369 60.770348 60.770355 -0.000007
3.009514 61.025523 61.025530 -0.000007
3.012658 61.281702 61.281709 -0.000007
3.015803 61.538890 61.538897 -0.000007
3.018948 61.797091 61.797097 -0.000007
3.022093 62.056307 62.056313 -0.000007
3.025237 62.316543 62.316549 -0.000006
3.028382 62.577803 62.577809 -0.000006
3.031527 62.840090 62.840096 -0.000006
3.034672 63.103409 63.103415 -0.000006
3.037816 63.367763 63.367769 -0.000006
3.040961 63.633156 63.633162 -0.000006
3.044106 63.899593 63.899598 -0.000006
3.047251 64.167076 64.167082 -0.000005
3.050395 64.435611 64.435616 -0.000005
3.053540 64.705201 64.705206 -0.000005
3.056685 64.975850 64.975854 -0.000005
3.059829 65.247561 65.247566 -0.000005
3.062974 65.520340 65.520345 -0.000005
3.066119 65.794190 65.794194 -0.000004
3.069264 66.069115 66.069119 -0.000004
3.072408 66.345119 66.345123 -0.000004
3.075553 66.622206 66.622210 -0.000004
3.078698 66.900381 66.900384 -0.000004
3.081843 67.179646 67.179650 -0.000004
3.084987 67.460008 67.460011 -0.000003
3.088132 67.741469 67.741472 -0.000003
3.091277 68.024034 68.024037 -0.000003
3.094422 68.307707 68.307710 -0.000003
3.097566 68.592492 68.592494 -0.000003
3.100711 68.878393 68.878395 -0.000002
3.103856 69.165415 69.165417 -0.000002
3.107001 69.453561 69.453563 -0.000002
3.110145 69.742837 69.742839 -0.000002
3.113290 70.033246 70.033247 -0.000002
3.116435 70.324792 70.324793 -0.000002
3.119579 70.617480 70.617481 -0.000001
3.122724 70.911314 70.911315 -0.000001
3.125869 71.206299 71.206300 -0.000001
3.129014 71.502438 71.502439 -0.000001
3.132158 71.799737 71.799737 -0.000001
3.135303 72.098198 72.098199 -0.000000
3.138448 72.397828 72.397828 -0.000000
3.141593 72.698630 72.698630 0.000000
