   0.00    0.08    0.16    0.24    0.31    0.37    0.42    0.46    0.48    0.50    0.50    0.48    0.46    0.42    0.37    0.31    0.24    0.16    0.08    0.00 
   0.00    0.09    0.18    0.26    0.34    0.40    0.46    0.50    0.53    0.55    0.55    0.53    0.50    0.46    0.40    0.34    0.26    0.18    0.09    0.00 
   0.00    0.10    0.19    0.28    0.37    0.44    0.50    0.55    0.58    0.59    0.59    0.58    0.55    0.50    0.44    0.37    0.28    0.19    0.10    0.00 
   0.00    0.10    0.21    0.30    0.39    0.47    0.53    0.58    0.62    0.63    0.63    0.62    0.58    0.53    0.47    0.39    0.30    0.21    0.10    0.00 
   0.00    0.11    0.22    0.32    0.41    0.49    0.56    0.62    0.65    0.67    0.67    0.65    0.62    0.56    0.49    0.41    0.32    0.22    0.11    0.00 
   0.00    0.12    0.23    0.34    0.43    0.52    0.59    0.65    0.68    0.70    0.70    0.68    0.65    0.59    0.52    0.43    0.34    0.23    0.12    0.00 
   0.00    0.12    0.24    0.35    0.45    0.54    0.62    0.67    0.71    0.73    0.73    0.71    0.67    0.62    0.54    0.45    0.35    0.24    0.12    0.00 
   0.00    0.13    0.25    0.36    0.47    0.56    0.64    0.70    0.74    0.76    0.76    0.74    0.70    0.64    0.56    0.47    0.36    0.25    0.13    0.00 
   0.00    0.13    0.26    0.37    0.48    0.58    0.66    0.72    0.76    0.78    0.78    0.76    0.72    0.66    0.58    0.48    0.37    0.26    0.13    0.00 
   0.00    0.13    0.26    0.38    0.50    0.59    0.68    0.74    0.78    0.80    0.80    0.78    0.74    0.68    0.59    0.50    0.38    0.26    0.13    0.00 
   0.00    0.14    0.27    0.39    0.51    0.61    0.69    0.76    0.80    0.82    0.82    0.80    0.76    0.69    0.61    0.51    0.39    0.27    0.14    0.00 
