0.000000 0.000000 5.000000 
0.010000 0.035369 5.035341 
0.020000 0.070739 5.069702 
0.030000 0.106108 5.103081 
0.040000 0.141478 5.135479 
0.050000 0.176847 5.166896 
0.060000 0.212216 5.197333 
0.070000 0.247586 5.226788 
0.080000 0.282955 5.255262 
0.090000 0.318325 5.282755 
0.100000 0.353694 5.309268 
0.110000 0.389064 5.334799 
0.120000 0.424433 5.359349 
0.130000 0.459802 5.382918 
0.140000 0.495172 5.405507 
0.150000 0.530541 5.427114 
0.160000 0.565911 5.447740 
0.170000 0.601280 5.467385 
0.180000 0.636649 5.486050 
0.190000 0.672019 5.503733 
0.200000 0.707388 5.520435 
0.210000 0.742758 5.536156 
0.220000 0.778127 5.550897 
0.230000 0.813497 5.564656 
0.240000 0.848866 5.577434 
0.250000 0.884235 5.589231 
0.260000 0.919605 5.600048 
0.270000 0.954974 5.609883 
0.280000 0.990344 5.618737 
0.290000 1.025713 5.626611 
0.300000 1.061082 5.633503 
0.310000 1.096452 5.639414 
0.320000 1.131821 5.644344 
0.330000 1.167191 5.648294 
0.340000 1.202560 5.651262 
0.350000 1.237929 5.653249 
0.360000 1.273299 5.654255 
0.370000 1.308668 5.654281 
0.380000 1.344038 5.653325 
0.390000 1.379407 5.651388 
0.400000 1.414777 5.648470 
0.410000 1.450146 5.644572 
0.420000 1.485515 5.639692 
0.430000 1.520885 5.633831 
0.440000 1.556254 5.626989 
0.450000 1.591624 5.619167 
0.460000 1.626993 5.610363 
0.470000 1.662362 5.600578 
0.480000 1.697732 5.589812 
0.490000 1.733101 5.578066 
0.500000 1.768471 5.565338 
0.510000 1.803840 5.551629 
0.520000 1.839209 5.536939 
0.530000 1.874579 5.521269 
0.540000 1.909948 5.504617 
0.550000 1.945318 5.486984 
0.560000 1.980687 5.468371 
0.570000 2.016057 5.448776 
0.580000 2.051426 5.428200 
0.590000 2.086795 5.406643 
0.600000 2.122165 5.384106 
0.610000 2.157534 5.360587 
0.620000 2.192904 5.336087 
0.630000 2.228273 5.310606 
0.640000 2.263642 5.284145 
0.650000 2.299012 5.256702 
0.660000 2.334381 5.228278 
0.670000 2.369751 5.198873 
0.680000 2.405120 5.168488 
0.690000 2.440490 5.137121 
0.700000 2.475859 5.104773 
0.710000 2.511228 5.071444 
0.720000 2.546598 5.037135 
0.730000 2.581967 5.001844 
0.740000 2.617337 4.965572 
0.750000 2.652706 4.928319 
0.760000 2.688075 4.890086 
0.770000 2.723445 4.850871 
0.780000 2.758814 4.810675 
0.790000 2.794184 4.769498 
0.800000 2.829553 4.727341 
0.810000 2.864922 4.684202 
0.820000 2.900292 4.640082 
0.830000 2.935661 4.594982 
0.840000 2.971031 4.548900 
0.850000 3.006400 4.501837 
0.860000 3.041770 4.453793 
0.870000 3.077139 4.404769 
0.880000 3.112508 4.354763 
0.890000 3.147878 4.303776 
0.900000 3.183247 4.251808 
0.910000 3.218617 4.198860 
0.920000 3.253986 4.144930 
0.930000 3.289355 4.090019 
0.940000 3.324725 4.034127 
0.950000 3.360094 3.977255 
0.960000 3.395464 3.919401 
0.970000 3.430833 3.860566 
0.980000 3.466203 3.800750 
0.990000 3.501572 3.739954 
1.000000 3.536941 3.678176 
